答案：

1. 2
2. 0
3. 1/2
4. 2
5. 3
6. 2
7. 1
8. 1
9. 1'1/2
10. 4
11. 0
12. 1/2
13. 3'1/2
14. 0
15. 1
16. 1'1/2
17. 4
18. 2
19. 0
20. 0
21. 4
22. 1/2
23. 4
24. 2'1/2
25. 4'1/2
26. 0
27. 2'1/2
28. 1'1/2
29. 1/2
30. 2'1/2
31. 1
32. 2'1/2
33. 4'1/2
34. 0
35. 2'1/2
36. 1
37. 0
38. 0
39. 0
40. 4'1/2
41. 2
42. 8
43. 1
44. 0
45. 0
46. 0
47. 1'1/2
48. 2'1/2
49. 5
50. 1
51. 4
52. 4
53. 0
54. 0
55. 2
56. 1'1/2
57. 0
58. 0
59. 0
60. 1'1/2
61. 0
62. 2
63. 2
64. 4'1/2
65. 0
66. 6'1/2
67. 2/3
68. 3
69. 1/2
70. 1'1/2
71. 1
72. 1
73. 1
74. 4
75. 2
76. 3
77. 1/2
78. 2
79. 1
80. 7'1/2
81. 3'1/2
82. 4'1/2
83. 2
84. 3'1/2
85. 0
86. 0
87. 5
88. 2
89. 3
90. 1
91. 1
92. 1'1/2
93. 4'1/2
94. 9
95. 1'1/2
96. 3
97. 2'1/2
98. 4'1/2
99. 3'1/2
100. 4
101. 4'1/2
102. 1/2
103. 2
104. 3
105. 1/2
106. 3'1/2
107. 0
108. 4
109. 5'1/2
110. 3
111. 0
112. 4
113. 0
114. 1
115. 1/2
116. 0
117. 2'1/2
118. 1
119. 0
120. 1
121. 1
122. 1
123. 1
124. 6'1/2
125. 1
126. 6'1/2
127. 2'1/2
128. 0
129. 1/2
130. 1'1/2
131. 5'1/2
132. 1'1/2
133. 1
134. 1'1/2
135. 0
136. 0
137. 1
138. 3'1/2
139. 2'1/2
140. 2
141. 1
142. 0
143. 2
144. 1
145. 1'1/2
146. 1/2
147. 2
148. 2
149. 1
150. 4
151. 2'1/2
152. 2
153. 0
154. 3'1/2
155. 0
156. 4
157. 0
158. 0
159. 0
160. 2
161. 0
162. 1/2
163. 3
164. 0
165. 4
166. 0
167. 1
168. 0
169. 2
170. 0
171. 1/2
172. 2'1/2
173. 2
174. 1/2
175. 2
176. 1
177. 4'1/2
178. 3'1/2
179. 2'1/2
180. 1
181. 1
182. 0
183. 1
184. 0
185. 0
186. 1
187. 1
188. 6
189. 2
190. 1'1/2
191. 1
192. 2
193. 1/2
194. 2'1/2
195. 3'1/2
196. 0
197. 2
198. 0
199. 3
200. 5
201. 0
202. 3'1/2
203. 0
204. 1
205. 6'1/2
206. 3
207. 5'1/2
208. 2
209. 2
210. 4
211. 0
212. 1'1/2
213. 1
214. 1
215. 2'1/2
216. 0
217. 5'1/2
218. 1
219. 2
220. 1
221. 0
222. 1/2
223. 2'1/2
224. 3
225. 0
226. 2
227. 2'1/2
228. 5
229. 0
230. 1
231. 5'1/2
232. 1'1/2
233. 2
234. 1
235. 0
236. 2'1/2
237. 0
238. 5'1/2
239. 1/2
240. 0
241. 2'1/2
242. 1/2
243. 6'1/2
244. 2'1/2
245. 1/2
246. 2
247. 8
248. 6
249. 3'1/2
250. 0
251. 1
252. 1
253. 6
254. 2
255. 6'1/2
256. 1'1/2
257. 1
258. 4'1/2
259. 2
260. 4
261. 3'1/2
262. 4
263. 2'1/2
264. 1'1/2
265. 1
266. 1/2
267. 1
268. 1'1/2
269. 4
270. 0
271. 4
272. 2
273. 1
274. 4
275. 2'1/2
276. 1
277. 3
278. 2
279. 0
280. 1/2
281. 0
282. 4'1/2
283. 1'1/2
284. 1'1/2
285. 1/2
286. 2'1/2
287. 0
288. 0
289. 4'1/2
290. 0
291. 2'1/2
292. 4'1/2
293. 7'1/2
294. 1
295. 1'1/2
296. 1
297. 1'1/2
298. 5
299. 3'1/2
300. 0
301. 2
302. 0
303. 2
304. 5
305. 4'1/2
306. 0
307. 1
308. 0
309. 4
310. 3'1/2
311. 2
312. 3'1/2
313. 4
314. 4'1/2
315. 2
316. 0
317. 1
318. 0
319. 0
320. 2
321. 1
322. 0
323. 2
324. 2
325. 2
326. 3'1/2
327. 1/2
328. 1
329. 4'1/2
330. 1'1/2
331. 5
332. 1
333. 1/2
334. 1
335. 2'1/2
336. 1'1/2
337. 1
338. 1
339. 2
340. 4
341. 0
342. 7
343. 1
344. 3
345. 2
346. 2
347. 2'1/2
348. 2'1/2
349. 4
350. 2
351. 3'1/2
352. 2
353. 2'1/2
354. 2'1/2
355. 0
356. 1
357. 1'1/2
358. 3
359. 0
360. 2
361. 1
362. 2
363. 0
364. 0
365. 0
366. 1'1/2
367. 0
368. 0
369. 2'1/2
370. 4
371. 1
372. 2
373. 0
374. 1'1/2
375. 2
376. 2'1/2
377. 2'1/2
378. 2
379. 0
380. 0
381. 0
382. 3'1/2
383. 1'1/2
384. 6
385. 1
386. 0
387. 5'1/2
388. 4
389. 0
390. 6
391. 3
392. 3
393. 2
394. 2'1/2
395. 1
396. 1'1/2
397. 1
398. 1'1/2
399. 4
400. 2
401. 2
402. 2'1/2
403. 2'1/2
404. 2'1/2
405. 2
406. 0
407. 0
408. 1
409. 2'1/2
410. 6
411. 2'1/2
412. 2
413. 2'1/2
414. 5'1/2
415. 1/2
416. 2'1/2
417. 2
418. 1
419. 2
420. 3
421. 2
422. 1
423. 0
424. 4
425. 0
426. 1
427. 7'1/2
428. 1/2
429. 1
430. 1
431. 1'1/2
432. 0
433. 2
434. 1
435. 0
436. 2'1/2
437. 0
438. 2'1/2
439. 1
440. 3
441. 1
442. 1/2
443. 1/2
444. 0
445. 2'1/2
446. 0
447. 3
448. 0
449. 3
450. 2
451. 1/4
452. 0
453. 1/2
454. 0
455. 0
456. 0
457. 2'1/2
458. 2'1/2
459. 3
460. 2
461. 1/2
462. 1/2
463. 6
464. 1
465. 1
466. 2
467. 3
468. 1
469. 1'1/2
470. 0
471. 2
472. 2'1/2
473. 8
474. 0
475. 4
476. 0
477. 4
478. 3'1/2
479. 1
480. 4'1/2
481. 1/2
482. 0
483. 1
484. 0
485. 0
486. 3
487. 2
488. 1
489. 0
490. 2
491. 4
492. 1'1/2
493. 2
494. 0
495. 1'1/2
496. 1'1/2
497. 0
498. 5'1/2
499. 3
500. 3
501. 1
502. 2'1/2
503. 0
504. 0
505. 4
506. 2
507. 3
508. 1/2
509. 1'1/2
510. 2'1/2
511. 0
512. 0
513. 0
514. 3'1/2
515. 1
516. 0
517. 2
518. 1'1/2
519. 4'1/2
520. 0
521. 1'1/2
522. 0
523. 4
524. 0
525. 1
526. 0
527. 1/2
528. 2'1/2
529. 3
530. 4
531. 0
532. 0
533. 2
534. 0
535. 0
536. 1
537. 5'1/2
538. 4
539. 0
540. 1/3
541. 1/2
542. 4
543. 2'1/2
544. 3
545. 3
546. 0
547. 1'1/2
548. 3
549. 3'1/2
550. 2'1/2
551. 3'1/2
552. 0
553. 2
554. 2
555. 1'2/3
556. 0
557. 2
558. 5
559. 2'1/2
560. 0
561. 3
562. 5
563. 0
564. 4'1/2
565. 1
566. 1'1/2
567. 1
568. 1
569. 0
570. 0
571. 3
572. 2
573. 2
574. 3'1/2
575. 2'1/2
576. 4
577. 1
578. 0
579. 0
580. 1
581. 4
582. 5'1/2
583. 1'1/2
584. 1
585. 0
586. 0
587. 0
588. 6
589. 2
590. 0
591. 1'1/2
592. 2'1/2
593. 0
594. 0
595. 1
596. 0
597. 1/2
598. 1'1/2
599. 1/2
600. 2
601. 1
602. 1/2
603. 2'1/2
604. 1'1/2
605. 5'1/2
606. 2
607. 0
608. 3'1/2
609. 2
610. 2
611. 2'1/2
612. 3
613. 1
614. 1
615. 5'1/2
616. 1
617. 1
618. 0
619. 3
620. 3
621. 0
622. 1/2
623. 3
624. 0
625. 0
626. 1
627. 1/2
628. 3'1/2
629. 1/2
630. 2
631. 1
632. 2
633. 2
634. 2/4
635. 0
636. 1
637. 3'1/2
638. 3
639. 1'1/2
640. 7
641. 3
642. 4'1/2
643. 1'1/2
644. 3'1/2
645. 4'1/2
646. 1
647. 6
648. 0
649. 2'1/2
650. 3
651. 2'1/2
652. 0
653. 0
654. 2'1/2
655. 1'1/2
656. 3'1/2
657. 0
658. 2
659. 1
660. 4
661. 2'1/2
662. 3'1/2
663. 0
664. 4
665. 3'1/2
666. 3'1/2
667. 6
668. 0
669. 1
670. 1/2
671. 4'1/2
672. 0
673. 5'1/2
674. 7
675. 1'1/2
676. 5
677. 4'1/2
678. 3'1/2
679. 2
680. 1/2
681. 0
682. 6
683. 6
684. 1'1/2
685. 0
686. 1
687. 2'1/2
688. 2
689. 2'1/2
690. 2
691. 2'1/2
692. 1'1/2
693. 16
694. 6'1/2
695. 3
696. 5'1/2
697. 4
698. 2
699. 3
700. 1'1/2
701. 2
702. 4'1/2
703. 1'1/2
704. 0
705. 0
706. 1/2
707. 4'1/2
708. 5'1/2
709. 4
710. 1
711. 4'1/2
712. 1
713. 1'1/2
714. 2
715. 4
716. 4
717. 2
718. 0
719. 5'1/2
720. 1
721. 1
722. 0
723. 1/2
724. 1/2
725. 3'1/2
726. 0
727. 4
728. 0
729. 2
730. 0
731. 0
732. 1'1/2
733. 4'1/2
734. 5'1/2
735. 1
736. 2
737. 5
738. 0
739. 0
740. 2
741. 1
742. 8
743. 1/2
744. 1
745. 5'1/2
746. 0
747. 6
748. 2
749. 0
750. 3'1/2
751. 3
752. 4
753. 2'1/2
754. 1
755. 0
756. 2
757. 1
758. 2
759. 2
760. 1
761. 5
762. 1/2
763. 0
764. 1'1/2
765. 5'1/2
766. 2
767. 6
768. 2
769. 1'1/2
770. 3'1/2
771. 2'1/2
772. 1
773. 4
774. 1/2
775. 1'1/2
776. 2
777. 6
778. 0
779. 1'1/2
780. 2'1/2
781. 1'1/2
782. 0
783. 5'1/2
784. 1/3
785. 1/2
786. 1
787. 0
788. 1'1/2
789. 3'1/2
790. 2'1/2
791. 3
792. 2
793. 4
794. 3'1/2
795. 3'1/2
796. 0
797. 2'1/2
798. 3
799. 1'1/2
800. 2'1/2
801. 0
802. 1/2
803. 2'1/2
804. 1
805. 1
806. 3
807. 1/2
808. 2'1/2
809. 1'1/2
810. 2
811. 0
812. 3
813. 2
814. 0
815. 0
816. 3'1/2
817. 1
818. 1
819. 5
820. 0
821. 3'1/2
822. 2'1/2
823. 3'1/2
824. 6'1/2
825. 6
826. 2
827. 1
828. 1
829. 1
830. 2'1/2
831. 0
832. 5'1/2
833. 0
834. 4'1/2
835. 0
836. 1
837. 1
838. 2
839. 2
840. 4
841. 1'1/2
842. 1/2
843. 2'1/2
844. 2
845. 5'1/2
846. 1'1/2
847. 1/2
848. 2
849. 0
850. 0
851. 3
852. 3'1/2
853. 1
854. 2
855. 3
856. 0
857. 1/2
858. 1'1/2
859. 1
860. 3
861. 6
862. 2
863. 0
864. 0
865. 1'1/2
866. 1'1/2
867. 0
868. 4
869. 3'1/2
870. 2
871. 3
872. 2
873. 2'1/2
874. 8
875. 1/2
876. 1/2
877. 4'1/2
878. 4'1/2
879. 5
880. 2
881. 5
882. 1
883. 3
884. 2'1/2
885. 3'1/2
886. 0
887. 3
888. 4
889. 1
890. 2'1/2
891. 8
892. 3'1/2
893. 1'1/2
894. 1
895. 0
896. 1
897. 0
898. 1
899. 7'1/2
900. 4'1/2
901. 3
902. 0
903. 0
904. 4
905. 1
906. 0
907. 2'1/2
908. 0
909. 1/2
910. 10
911. 2
912. 0
913. 2
914. 3'1/2
915. 2'1/2
916. 0
917. 2'1/2
918. 3'1/2
919. 2'1/4
920. 1
921. 4'1/2
922. 4
923. 2'1/2
924. 4
925. 2
926. 2
927. 0
928. 2
929. 0
930. 0
931. 1
932. 2
933. 5'1/2
934. 3
935. 1
936. 2
937. 1
938. 0
939. 1
940. 2
941. 1/2
942. 0
943. 3'1/2
944. 3'1/2
945. 2
946. 4'1/2
947. 1/2
948. 2
949. 2
950. 1'1/2
951. 0
952. 4'1/2
953. 1'1/2
954. 1
955. 2
956. 0
957. 2
958. 1
959. 1
960. 4'1/2
961. 2/3
962. 0
963. 2
964. 4
965. 4
966. 0
967. 2
968. 2'1/2
969. 1/2
970. 1/2
971. 2'1/2
972. 0
973. 0
974. 1'1/2
975. 2
976. 4'1/2
977. 0
978. 0
979. 5
980. 0
981. 1/2
982. 2'1/2
983. 1
984. 1/2
985. 0
986. 1'1/2
987. 1/2
988. 1/2
989. 6
990. 0
991. 0
992. 1/2
993. 0
994. 0
995. 3'1/2
996. 4'1/2
997. 0
998. 1/2
999. 4'1/2
1000. 0
1001. 2'1/2
1002. 0
1003. 2
1004. 0
1005. 1
1006. 2
1007. 0
1008. 3
1009. 1'1/2
1010. 5'1/2
1011. 2
1012. 0
1013. 1/2
1014. 2'1/2
1015. 5
1016. 3'1/2
1017. 2
1018. 1
1019. 0
1020. 1'1/2
1021. 2
1022. 1
1023. 3
1024. 1'1/2
1025. 0
1026. 1'1/2
1027. 3'1/2
1028. 1
1029. 5
1030. 1/2
1031. 1
1032. 6'1/2
1033. 3'1/2
1034. 6'1/2
1035. 0
1036. 2'1/2
1037. 4'1/2
1038. 1'1/2
1039. 4'1/2
1040. 1/2
1041. 2
1042. 2
1043. 2
1044. 2'1/2
1045. 0
1046. 4
1047. 4'1/2
1048. 1
1049. 4
1050. 4
1051. 2
1052. 2
1053. 3'1/2
1054. 1
1055. 5'1/2
1056. 0
1057. 3
1058. 6'1/2
1059. 3
1060. 5'1/2
1061. 0
1062. 1
1063. 1
1064. 0
1065. 2
1066. 0
1067. 4'1/2
1068. 1
1069. 5'1/2
1070. 2'1/2
1071. 2'1/2
1072. 2'1/2
1073. 1/2
1074. 2'1/2
1075. 1
1076. 2
1077. 4
1078. 1
1079. 4
1080. 0
1081. 2'1/2
1082. 3'1/2
1083. 2
1084. 0
1085. 5
1086. 1
1087. 6'1/2
1088. 2
1089. 2
1090. 2'1/2
1091. 1'1/2
1092. 3
1093. 0
1094. 1'1/2
1095. 4'1/2
1096. 1'1/2
1097. 1
1098. 2
1099. 0
1100. 6
1101. 6
1102. 1'1/4
1103. 0
1104. 1/2
1105. 1
1106. 1'1/2
1107. 4'1/2
1108. 2
1109. 1'1/2
1110. 1
1111. 1
1112. 4'1/2
1113. 3
1114. 1
1115. 0
1116. 0
1117. 4
1118. 0
1119. 2
1120. 3
1121. 0
1122. 0
1123. 1'1/2
1124. 4
1125. 2'1/2
1126. 1/2
1127. 2
1128. 0
1129. 2
1130. 1/2
1131. 3'1/2
1132. 1/2
1133. 3'1/2
1134. 4
1135. 1
1136. 3
1137. 4
1138. 5
1139. 1/2
1140. 3'1/2
1141. 2
1142. 2'1/2
1143. 5'1/2
1144. 0
1145. 1/2
1146. 1/2
1147. 3
1148. 0
1149. 2
1150. 2
1151. 1'1/2
1152. 4'1/2
1153. 1'1/2
1154. 0
1155. 2'1/2
1156. 2
1157. 0
1158. 1/2
1159. 3
1160. 1/2
1161. 4'1/2
1162. 6
1163. 2
1164. 6'1/2
1165. 1/2
1166. 1'1/2
1167. 0
1168. 2
1169. 3
1170. 1'1/2
1171. 6
1172. 1/2
1173. 4'1/2
1174. 0
1175. 6
1176. 4
1177. 2
1178. 1/2
1179. 1
1180. 4
1181. 2
1182. 5'1/2
1183. 3
1184. 2
1185. 7'1/2
1186. 1'1/2
1187. 6
1188. 3'1/2
1189. 2
1190. 1
1191. 2
1192. 0
1193. 1
1194. 3'1/2
1195. 0
1196. 0
1197. 0
1198. 1
1199. 0
1200. 5
1201. 4'1/2
1202. 1/2
1203. 1'1/2
1204. 6
1205. 1/2
1206. 1/2
1207. 0
1208. 3'1/2
1209. 2
1210. 1
1211. 2'1/2
1212. 5
1213. 1'1/2
1214. 1/2
1215. 1
1216. 1'1/2
1217. 2'1/2
1218. 2
1219. 4
1220. 1
1221. 1
1222. 4'1/2
1223. 2'1/2
1224. 3'1/2
1225. 1'1/2
1226. 1/2
1227. 2
1228. 1/2
1229. 1/2
1230. 6'1/2
1231. 0
1232. 3
1233. 3'1/2
1234. 2
1235. 1
1236. 0
1237. 2
1238. 1'1/2
1239. 0
1240. 1
1241. 1/2
1242. 1/2
1243. 2'1/2
1244. 2'1/2
1245. 1/2
1246. 2
1247. 1
1248. 2'1/2
1249. 4
1250. 2
1251. 1
1252. 6
1253. 4'1/2
1254. 0
1255. 1/2
1256. 4'1/2
1257. 3'1/2
1258. 2
1259. 1/2
1260. 1
1261. 1'1/2
1262. 2
1263. 2'1/2
1264. 1
1265. 3
1266. 5'1/2
1267. 0
1268. 0
1269. 1
1270. 2'1/2
1271. 0
1272. 1'1/2
1273. 4
1274. 1/2
1275. 2
1276. 0
1277. 0
1278. 0
1279. 4
1280. 4
1281. 1
1282. 3'1/2
1283. 0
1284. 1'1/2
1285. 1
1286. 2'1/2
1287. 1/2
1288. 0
1289. 0
1290. 1'1/2
1291. 0
1292. 5'1/2
1293. 2
1294. 2
1295. 1/2
1296. 3'1/2
1297. 2'1/2
1298. 1'1/2
1299. 4'1/2
1300. 0
1301. 2
1302. 2
1303. 3'1/2
1304. 2'1/2
1305. 0
1306. 1/2
1307. 4
1308. 1'1/2
1309. 3
1310. 4'1/2
1311. 3
1312. 1/2
1313. 4'1/2
1314. 1
1315. 0
1316. 1/2
1317. 1
1318. 1
1319. 2'1/2
1320. 1'1/2
1321. 2
1322. 0
1323. 2'1/2
1324. 0
1325. 2'1/2
1326. 4
1327. 1
1328. 7
1329. 1'1/2
1330. 0
1331. 1'1/2
1332. 4'1/2
1333. 1
1334. 2
1335. 2
1336. 4
1337. 0
1338. 0
1339. 1'1/2
1340. 5'1/2
1341. 1'1/2
1342. 2
1343. 1'1/2
1344. 1'1/2
1345. 2
1346. 3
1347. 3'1/2
1348. 2
1349. 2
1350. 3
1351. 4'1/2
1352. 4
1353. 5'1/2
1354. 1'1/3
1355. 1'1/2
1356. 1
1357. 4'1/2
1358. 1'1/2
1359. 0
1360. 2'1/2
1361. 4
1362. 1'1/2
1363. 5
1364. 0
1365. 2
1366. 1/2
1367. 4'1/2
1368. 1
1369. 1'1/2
1370. 1/2
1371. 8
1372. 4'1/2
1373. 1
1374. 0
1375. 1/2
1376. 1'1/2
1377. 1
1378. 1
1379. 1
1380. 5'1/2
1381. 2'1/2
1382. 1/2
1383. 1/2
1384. 2
1385. 2
1386. 3
1387. 2
1388. 3'1/2
1389. 0
1390. 0
1391. 1
1392. 1
1393. 3'1/2
1394. 1/2
1395. 4
1396. 5
1397. 4'1/2
1398. 0
1399. 1
1400. 0
1401. 2'1/2
1402. 0
1403. 1
1404. 3'1/2
1405. 2
1406. 4
1407. 1'1/2
1408. 1
1409. 1
1410. 2
1411. 1/2
1412. 6
1413. 3
1414. 3'1/2
1415. 0
1416. 0
1417. 2'1/2
1418. 0
1419. 1/2
1420. 4
1421. 1'1/2
1422. 0
1423. 1/2
1424. 2
1425. 1
1426. 1'1/2
1427. 1/2
1428. 0
1429. 4
1430. 1/2
1431. 1'1/2
1432. 0
1433. 0
1434. 4
1435. 1
1436. 1
1437. 0
1438. 1
1439. 3'1/2
1440. 2
1441. 2
1442. 5'1/2
1443. 1
1444. 5
1445. 1
1446. 1/2
1447. 3'1/2
1448. 1/2
1449. 4'1/2
1450. 3'1/2
1451. 2
1452. 2
1453. 2
1454. 2/4
1455. 1/2
1456. 1'1/2
1457. 3
1458. 0
1459. 0
1460. 3'1/2
1461. 3'1/2
1462. 1/2
1463. 0
1464. 1
1465. 1
1466. 1/2
1467. 1
1468. 3
1469. 3
1470. 0
1471. 1/2
1472. 4
1473. 6
1474. 1'1/2
1475. 3'1/2
1476. 4
1477. 1
1478. 0
1479. 3'1/2
1480. 1
1481. 0
1482. 0
1483. 2
1484. 1
1485. 1
1486. 2
1487. 1
1488. 0
1489. 3'1/2
1490. 2'1/2
1491. 1/2
1492. 0
1493. 2
1494. 2
1495. 1/2
1496. 2
1497. 0
1498. 0
1499. 1/2
1500. 0
1501. 0
1502. 0
1503. 1'1/2
1504. 2'1/2
1505. 1'1/2
1506. 1/2
1507. 1/2
1508. 4'1/2
1509. 3
1510. 2'1/2
1511. 1'1/2
1512. 2
1513. 4'1/2
1514. 0
1515. 0
1516. 4
1517. 4'1/2
1518. 5'1/2
1519. 2
1520. 1/2
1521. 8
1522. 1
1523. 5
1524. 0
1525. 4'1/2
1526. 0
1527. 1
1528. 2'1/2
1529. 4'1/2
1530. 0
1531. 2'1/2
1532. 2'1/2
1533. 2
1534. 5
1535. 1
1536. 4
1537. 6'1/2
1538. 1/2
1539. 0
1540. 1/2
1541. 1
1542. 1
1543. 1'1/2
1544. 6'1/2
1545. 1
1546. 0
1547. 4
1548. 0
1549. 2
1550. 1/2
1551. 0
1552. 3'1/2
1553. 1
1554. 2
1555. 2
1556. 0
1557. 2
1558. 0
1559. 4'1/2
1560. 2
1561. 0
1562. 1/2
1563. 0
1564. 0
1565. 1
1566. 1
1567. 2
1568. 4'1/2
1569. 0
1570. 2
1571. 2
1572. 1
1573. 4
1574. 2'1/2
1575. 4'1/2
1576. 0
1577. 5
1578. 2'1/2
1579. 1/2
1580. 5
1581. 3'1/2
1582. 1/2
1583. 3'1/2
1584. 3'1/2
1585. 1/2
1586. 1'1/2
1587. 0
1588. 1/2
1589. 7'1/2
1590. 0
1591. 4'1/2
1592. 4
1593. 1
1594. 1
1595. 6'1/2
1596. 1
1597. 0
1598. 2'1/2
1599. 4
1600. 1
1601. 3'1/2
1602. 1/2
1603. 1/2
1604. 3
1605. 5
1606. 2
1607. 2
1608. 5
1609. 2
1610. 5
1611. 1
1612. 4
1613. 1
1614. 0
1615. 2
1616. 0
1617. 0
1618. 4'1/2
1619. 0
1620. 2'1/2
1621. 8
1622. 2
1623. 1
1624. 3'1/2
1625. 1/2
1626. 3'1/2
1627. 3'1/2
1628. 0
1629. 0
1630. 4
1631. 4
1632. 0
1633. 3
1634. 3
1635. 1/2
1636. 1
1637. 4
1638. 0
1639. 2'1/2
1640. 2
1641. 2
1642. 3'1/2
1643. 2
1644. 5'1/2
1645. 4
1646. 0
1647. 2
1648. 2'2/3
1649. 0
1650. 0
1651. 0
1652. 4
1653. 4'1/2
1654. 1
1655. 1
1656. 2'1/2
1657. 2
1658. 1
1659. 1
1660. 1/2
1661. 1
1662. 1/2
1663. 0
1664. 0
1665. 3'1/2
1666. 2'1/2
1667. 3'1/2
1668. 1
1669. 1'1/2
1670. 1/2
1671. 1'1/2
1672. 7'1/2
1673. 7'1/2
1674. 1
1675. 0
1676. 2
1677. 2'1/2
1678. 1/3
1679. 0
1680. 2
1681. 2
1682. 1/2
1683. 3
1684. 1/2
1685. 4'1/2
1686. 1
1687. 2
1688. 1
1689. 3'1/2
1690. 0
1691. 1
1692. 2
1693. 7
1694. 1'1/2
1695. 3
1696. 0
1697. 2
1698. 8
1699. 5'1/2
1700. 2'1/2
1701. 0
1702. 3'1/2
1703. 8
1704. 1'1/2
1705. 3
1706. 1
1707. 1
1708. 1'1/2
1709. 0
1710. 3
1711. 1
1712. 1/2
1713. 1
1714. 1'1/2
1715. 1/2
1716. 0
1717. 6
1718. 1'1/2
1719. 2
1720. 0
1721. 1
1722. 1/2
1723. 5
1724. 4
1725. 1
1726. 3
1727. 1/2
1728. 1/2
1729. 1/2
1730. 2
1731. 2
1732. 1
1733. 3'1/2
1734. 4
1735. 0
1736. 0
1737. 0
1738. 4'1/2
1739. 0
1740. 3
1741. 3
1742. 4
1743. 4'1/2
1744. 4
1745. 3
1746. 3'1/2
1747. 6
1748. 3'1/2
1749. 2'1/2
1750. 2'1/2
1751. 2'1/2
1752. 5'1/2
1753. 3
1754. 1/2
1755. 1
1756. 1'1/2
1757. 0
1758. 2'1/2
1759. 1'1/2
1760. 0
1761. 0
1762. 0
1763. 2
1764. 1'1/2
1765. 0
1766. 2'1/2
1767. 0
1768. 3'1/2
1769. 4
1770. 3'1/2
1771. 1'1/2
1772. 1
1773. 2'1/2
1774. 1
1775. 1'1/2
1776. 2'1/2
1777. 4
1778. 0
1779. 0
1780. 0
1781. 1'1/2
1782. 2
1783. 4
1784. 5
1785. 2'1/2
1786. 5'1/2
1787. 1'1/2
1788. 5
1789. 2
1790. 3'1/2
1791. 5
1792. 2
1793. 1
1794. 4'1/2
1795. 0
1796. 1
1797. 0
1798. 5'1/2
1799. 1
1800. 1'1/2
1801. 1'1/2
1802. 2'1/2
1803. 1'1/2
1804. 0
1805. 1'1/2
1806. 2
1807. 4
1808. 4
1809. 3'1/2
1810. 2
1811. 0
1812. 1
1813. 4'1/2
1814. 1'1/2
1815. 3
1816. 4
1817. 4'1/2
1818. 4
1819. 0
1820. 1
1821. 0
1822. 1
1823. 1
1824. 2'1/2
1825. 3
1826. 1/2
1827. 0
1828. 2
1829. 2'1/2
1830. 2
1831. 7
1832. 1'1/2
1833. 2
1834. 2
1835. 1
1836. 2
1837. 2
1838. 7
1839. 5
1840. 0
1841. 4
1842. 0
1843. 12
1844. 1'1/2
1845. 2'1/2
1846. 2
1847. 6'1/2
1848. 0
1849. 4'1/2
1850. 1
1851. 2
1852. 1'1/2
1853. 5
1854. 0
1855. 0
1856. 0
1857. 0
1858. 0
1859. 5'1/2
1860. 5
1861. 0
1862. 1
1863. 0
1864. 0
1865. 6
1866. 2
1867. 0
1868. 2
1869. 3'1/2
1870. 0
1871. 2
1872. 0
1873. 3
1874. 1
1875. 1'1/2
1876. 0
1877. 6
1878. 0
1879. 1/2
1880. 2
1881. 4
1882. 1
1883. 5'1/2
1884. 1
1885. 2'1/2
1886. 1'1/2
1887. 4
1888. 3
1889. 3'1/2
1890. 1/2
1891. 5
1892. 5'1/2
1893. 4'1/2
1894. 9
1895. 4
1896. 3'1/2
1897. 0
1898. 2
1899. 2'1/2
1900. 3'1/2
1901. 1
1902. 0
1903. 1'1/2
1904. 4'1/2
1905. 1'1/2
1906. 0
1907. 5'1/2
1908. 0
1909. 2
1910. 2
1911. 2'1/2
1912. 4'1/2
1913. 3'1/2
1914. 1
1915. 3
1916. 1
1917. 3
1918. 7
1919. 0
1920. 4
1921. 3'1/2
1922. 0
1923. 6
1924. 1
1925. 0
1926. 2'1/2
1927. 3
1928. 1
1929. 1
1930. 2'1/2
1931. 1/2
1932. 5'1/2
1933. 0
1934. 2
1935. 5'1/2
1936. 2'1/2
1937. 1'1/2
1938. 3'1/2
1939. 4
1940. 4'1/2
1941. 0
1942. 2'1/2
1943. 1
1944. 2'1/2
1945. 2
1946. 5
1947. 4
1948. 3'1/2
1949. 0
1950. 0
1951. 1
1952. 1
1953. 1
1954. 1/2
1955. 2
1956. 3
1957. 2
1958. 1/2
1959. 2
1960. 6'1/2
1961. 7
1962. 1/4
1963. 1/2
1964. 1
1965. 0
1966. 4'1/2
1967. 0
1968. 5'1/2
1969. 3
1970. 4
1971. 0
1972. 6
1973. 2/4
1974. 2
1975. 2'1/2
1976. 4'1/2
1977. 1
1978. 1
1979. 2
1980. 3
1981. 1
1982. 1
1983. 1'1/2
1984. 5'1/2
1985. 2'1/2
1986. 1
1987. 0
1988. 4
1989. 0
1990. 3'1/2
1991. 3
1992. 3'1/2
1993. 1
1994. 2
1995. 5
1996. 0
1997. 1
1998. 0
1999. 0
2000. 1
2001. 0
2002. 3
2003. 3'1/2
2004. 1/2
2005. 1
2006. 0
2007. 4
2008. 1/2
2009. 0
2010. 3
2011. 6'1/2
2012. 5'1/2
2013. 1
2014. 2'1/2
2015. 1/2
2016. 3'1/2
2017. 3'1/2
2018. 0
2019. 0
2020. 0
2021. 8
2022. 0
2023. 1'1/2
2024. 2
2025. 0
2026. 4
2027. 2
2028. 5
2029. 4
2030. 6'1/2
2031. 1
2032. 0
2033. 2
2034. 3'1/2
2035. 0
2036. 4'1/2
2037. 0
2038. 2
2039. 5
2040. 1
2041. 4
2042. 3'1/2
2043. 1/2
2044. 0
2045. 2'1/2
2046. 2'1/2
2047. 2
2048. 4
2049. 2
2050. 6
2051. 6'1/2
2052. 1'1/2
2053. 0
2054. 1
2055. 4'1/2
2056. 2
2057. 1
2058. 3
2059. 3'1/2
2060. 1
2061. 4
2062. 0
2063. 3
2064. 1
2065. 0
2066. 3
2067. 6
2068. 2
2069. 2'1/2
2070. 1
2071. 0
2072. 1
2073. 6'1/2
2074. 0
2075. 3
2076. 0
2077. 1/2
2078. 1
2079. 1/2
2080. 1/2
2081. 0
2082. 1
2083. 1
2084. 2'1/2
2085. 2'1/2
2086. 1/2
2087. 3
2088. 0
2089. 3
2090. 2
2091. 0
2092. 1'1/2
2093. 3'1/2
2094. 1/2
2095. 2
2096. 1'1/2
2097. 0
2098. 6'1/2
2099. 0
2100. 4
2101. 1'1/2
2102. 1
2103. 2'1/2
2104. 0
2105. 1/2
2106. 2'1/2
2107. 0
2108. 7'1/2
2109. 1/2
2110. 2
2111. 4'1/2
2112. 4
2113. 4
2114. 0
2115. 4
2116. 1'1/2
2117. 3
2118. 3
2119. 1
2120. 1'1/2
2121. 1
2122. 0
2123. 1'1/2
2124. 4'1/2
2125. 1'1/2
2126. 6
2127. 3
2128. 1/2
2129. 2
2130. 1
2131. 8
2132. 2'1/2
2133. 1'1/2
2134. 1/2
2135. 2/3
2136. 2'1/2
2137. 2
2138. 1'1/2
2139. 2
2140. 1
2141. 4
2142. 1/2
2143. 2
2144. 2'1/2
2145. 0
2146. 3'1/2
2147. 1'1/2
2148. 2
2149. 2
2150. 1'1/2
2151. 1/2
2152. 0
2153. 1
2154. 4
2155. 4'1/2
2156. 2
2157. 1
2158. 0
2159. 0
2160. 1'1/2
2161. 1/2
2162. 1/2
2163. 5
2164. 2
2165. 0
2166. 4
2167. 1/2
2168. 4
2169. 1
2170. 2'1/2
2171. 3'1/2
2172. 4'1/2
2173. 1
2174. 3
2175. 6
2176. 2'1/2
2177. 1'1/2
2178. 3'1/2
2179. 4
2180. 3'1/2
2181. 0
2182. 2'1/2
2183. 0
2184. 3
2185. 0
2186. 1/2
2187. 3'1/2
2188. 4
2189. 1'1/2
2190. 2
2191. 1
2192. 1'1/2
2193. 0
2194. 1
2195. 0
2196. 1/2
2197. 1'1/2
2198. 2'1/2
2199. 0
2200. 2'1/2
2201. 1/2
2202. 2
2203. 0
2204. 2'1/2
2205. 1/2
2206. 1
2207. 2
2208. 3'1/2
2209. 0
2210. 1
2211. 3
2212. 8
2213. 1'1/2
2214. 1
2215. 4
2216. 1'1/2
2217. 1/2
2218. 2
2219. 0
2220. 2'1/2
2221. 1/2
2222. 0
2223. 5
2224. 6
2225. 4'1/2
2226. 0
2227. 3
2228. 1/2
2229. 3
2230. 2'1/2
2231. 4
2232. 4'1/2
2233. 0
2234. 2
2235. 1
2236. 2
2237. 2
2238. 2
2239. 2
2240. 6
2241. 0
2242. 1
2243. 1
2244. 2
2245. 1'1/2
2246. 0
2247. 2
2248. 0
2249. 2
2250. 1/2
2251. 0
2252. 1/2
2253. 3
2254. 2
2255. 2
2256. 7
2257. 4
2258. 2
2259. 7'1/2
2260. 4
2261. 0
2262. 0
2263. 2'1/2
2264. 3
2265. 1'1/2
2266. 3
2267. 6
2268. 1
2269. 0
2270. 3'1/2
2271. 0
2272. 4'1/2
2273. 2
2274. 4
2275. 1
2276. 4'1/2
2277. 0
2278. 2'1/2
2279. 3
2280. 4
2281. 0
2282. 3'1/2
2283. 0
2284. 5
2285. 4'1/2
2286. 1
2287. 1/2
2288. 1
2289. 1/2
2290. 0
2291. 3
2292. 1/2
2293. 4
2294. 1
2295. 0
2296. 0
2297. 1
2298. 3
2299. 4'1/2
2300. 3
2301. 1'1/2
2302. 2
2303. 2
2304. 6
2305. 0
2306. 1'1/2
2307. 1
2308. 2'1/2
2309. 1
2310. 1'1/2
2311. 3
2312. 0
2313. 1
2314. 1'1/2
2315. 1/2
2316. 3
2317. 1
2318. 5'1/2
2319. 2
2320. 3'1/2
2321. 3
2322. 4'1/2
2323. 6'1/2
2324. 4
2325. 3'1/2
2326. 1
2327. 3'1/2
2328. 1
2329. 0
2330. 1'1/2
2331. 0
2332. 2'1/2
2333. 0
2334. 4'1/2
2335. 3'1/2
2336. 1/2
2337. 2'1/2
2338. 5'1/2
2339. 2
2340. 1/2
2341. 4'1/2
2342. 1
2343. 0
2344. 5
2345. 1
2346. 2
2347. 2'1/2
2348. 2
2349. 6
2350. 3
2351. 0
2352. 1
2353. 0
2354. 1/2
2355. 4'1/2
2356. 1/4
2357. 1'1/2
2358. 3'1/2
2359. 0
2360. 1
2361. 0
2362. 3
2363. 1'1/2
2364. 0
2365. 2
2366. 3
2367. 1
2368. 1'1/2
2369. 1
2370. 3
2371. 0
2372. 1'1/2
2373. 4
2374. 0
2375. 1
2376. 1
2377. 2'1/2
2378. 1'1/2
2379. 1/2
2380. 1
2381. 1'1/2
2382. 0
2383. 4
2384. 4
2385. 1
2386. 2
2387. 1
2388. 1'1/2
2389. 1
2390. 5
2391. 1'1/2
2392. 1
2393. 0
2394. 4
2395. 4
2396. 0
2397. 3
2398. 2
2399. 2'1/2
2400. 1'1/2
2401. 2
2402. 2
2403. 3
2404. 4
2405. 4'1/2
2406. 4
2407. 2
2408. 3
2409. 4
2410. 4
2411. 4
2412. 0
2413. 3
2414. 1
2415. 3
2416. 2
2417. 1'1/2
2418. 5'1/2
2419. 1/2
2420. 2'1/2
2421. 3'1/2
2422. 1
2423. 2
2424. 4'1/2
2425. 0
2426. 2'1/2
2427. 1/2
2428. 5
2429. 2
2430. 0
2431. 1/2
2432. 5
2433. 2
2434. 1
2435. 4'1/2
2436. 0
2437. 2
2438. 2'1/2
2439. 1'1/2
2440. 1
2441. 1'1/2
2442. 5'1/2
2443. 1
2444. 3'1/2
2445. 2'1/2
2446. 1/2
2447. 5
2448. 2
2449. 2'1/2
2450. 5
2451. 3
2452. 1'1/2
2453. 2'1/2
2454. 1/2
2455. 1
2456. 0
2457. 1'1/2
2458. 2'1/2
2459. 4
2460. 1/2
2461. 4'1/2
2462. 4'1/2
2463. 2
2464. 4'1/2
2465. 0
2466. 2
2467. 2
2468. 1'1/2
2469. 3
2470. 3
2471. 4'1/2
2472. 0
2473. 0
2474. 1/2
2475. 6'1/2
2476. 0
2477. 0
2478. 1/2
2479. 1'1/2
2480. 1
2481. 2
2482. 1'1/2
2483. 4
2484. 3'1/2
2485. 2
2486. 1/2
2487. 1
2488. 2'1/2
2489. 1/2
2490. 3'1/2
2491. 2'1/2
2492. 0
2493. 0
2494. 1'1/2
2495. 0
2496. 2
2497. 2
2498. 3
2499. 1'1/2
2500. 0
2501. 1/2
2502. 4
2503. 1/2
2504. 3'1/2
2505. 2
2506. 0
2507. 1/2
2508. 1
2509. 1/2
2510. 0
2511. 1'1/2
2512. 0
2513. 2'1/2
2514. 2
2515. 2
2516. 1'1/2
2517. 1'1/2
2518. 0
2519. 3'1/2
2520. 1
2521. 1
2522. 1
2523. 1'1/2
2524. 4'1/2
2525. 1/2
2526. 2
2527. 4
2528. 0
2529. 1
2530. 2
2531. 2
2532. 3'1/2
2533. 2'1/2
2534. 1
2535. 3
2536. 4'1/2
2537. 2'1/2
2538. 2
2539. 0
2540. 5'1/2
2541. 3
2542. 0
2543. 1'1/2
2544. 2
2545. 2
2546. 1'1/2
2547. 4'1/2
2548. 3'1/2
2549. 3'1/2
2550. 2'1/2
2551. 4'1/2
2552. 4'1/2
2553. 16
2554. 2
2555. 3
2556. 2'1/3
2557. 5'1/2
2558. 1/2
2559. 5'1/2
2560. 0
2561. 1'1/2
2562. 0
2563. 2'1/2
2564. 6
2565. 3'1/2
2566. 0
2567. 6
2568. 3'1/2
2569. 2
2570. 1
2571. 1
2572. 1
2573. 3'1/2
2574. 4'1/2
2575. 0
2576. 2
2577. 1/2
2578. 0
2579. 1'1/2
2580. 4
2581. 2
2582. 1/2
2583. 4
2584. 0
2585. 4
2586. 2
2587. 0
2588. 0
2589. 3'1/2
2590. 1'1/2
2591. 5'1/2
2592. 0
2593. 3
2594. 2
2595. 4
2596. 1'1/2
2597. 4'1/2
2598. 1
2599. 4
2600. 3
2601. 1/2
2602. 1'1/2
2603. 2
2604. 0
2605. 3
2606. 0
2607. 6'1/2
2608. 8
2609. 0
2610. 4
2611. 0
2612. 1'1/2
2613. 1
2614. 3
2615. 1'1/2
2616. 3
2617. 1/2
2618. 2'1/2
2619. 5
2620. 1/4
2621. 1/2
2622. 3
2623. 1/2
2624. 2
2625. 2'1/2
2626. 3
2627. 0
2628. 1/2
2629. 2'1/2
2630. 1/2
2631. 1'1/2
2632. 1
2633. 4
2634. 5
2635. 1'1/2
2636. 1
2637. 4'1/2
2638. 3
2639. 3'1/2
2640. 2
2641. 2'1/2
2642. 4
2643. 1'1/2
2644. 6'1/2
2645. 2
2646. 1
2647. 2
2648. 0
2649. 1/2
2650. 1'1/2
2651. 2'1/2
2652. 0
2653. 2
2654. 3
2655. 2'1/2
2656. 1
2657. 1
2658. 3'1/2
2659. 3'1/2
2660. 0
2661. 2'1/2
2662. 3'1/2
2663. 3
2664. 2'1/2
2665. 2
2666. 3'1/2
2667. 1
2668. 6
2669. 2
2670. 3
2671. 1
2672. 0
2673. 3
2674. 2
2675. 3
2676. 2
2677. 3'1/2
2678. 4'1/2
2679. 0
2680. 0
2681. 2
2682. 3
2683. 1
2684. 1/2
2685. 1/2
2686. 1
2687. 1'1/2
2688. 1
2689. 1
2690. 0
2691. 1/2
2692. 0
2693. 3
2694. 0
2695. 1/2
2696. 2
2697. 3
2698. 1'1/2
2699. 2
2700. 1
2701. 2'1/2
2702. 2'1/2
2703. 0
2704. 2'1/2
2705. 2
2706. 2
2707. 1/2
2708. 3'1/2
2709. 1
2710. 1'1/2
2711. 1
2712. 1'1/2
2713. 3
2714. 0
2715. 4'1/2
2716. 4
2717. 3
2718. 0
2719. 3
2720. 1/2
2721. 1/2
2722. 1/2
2723. 7
2724. 3'1/2
2725. 1'1/2
2726. 4
2727. 1'1/2
2728. 0
2729. 2'1/2
2730. 2
2731. 0
2732. 1
2733. 1'1/2
2734. 2'1/2
2735. 1'1/2
2736. 2
2737. 2'1/2
2738. 3'1/2
2739. 1
2740. 3
2741. 1
2742. 0
2743. 5'1/2
2744. 0
2745. 3
2746. 4'1/2
2747. 0
2748. 2'1/2
2749. 2
2750. 4
2751. 0
2752. 1/2
2753. 1'1/2
2754. 2'1/2
2755. 2
2756. 1/2
2757. 3
2758. 4
2759. 0
2760. 1'1/2
2761. 3'1/2
2762. 3'1/2
2763. 1
2764. 2'1/2
2765. 0
2766. 1
2767. 0
2768. 0
2769. 2
2770. 6
2771. 1
2772. 0
2773. 3
2774. 1
2775. 1'1/2
2776. 3'1/2
2777. 1'1/2
2778. 5'1/2
2779. 3
2780. 2'1/2
2781. 3'1/2
2782. 1'1/2
2783. 3'1/2
2784. 3
2785. 3
2786. 2
2787. 1/2
2788. 1
2789. 3
2790. 1'1/2
2791. 2
2792. 3'1/2
2793. 2
2794. 1
2795. 1'1/2
2796. 0
2797. 4
2798. 2
2799. 2
2800. 3'1/2
2801. 0
2802. 1/2
2803. 2'1/2
2804. 0
2805. 1/2
2806. 2'1/2
2807. 4
2808. 4
2809. 2
2810. 0
2811. 2
2812. 0
2813. 2'1/2
2814. 0
2815. 2
2816. 4
2817. 2'1/2
2818. 0
2819. 3
2820. 5
2821. 3
2822. 2
2823. 2
2824. 1
2825. 2
2826. 1'1/2
2827. 0
2828. 1
2829. 1
2830. 2
2831. 1'1/2
2832. 4
2833. 3
2834. 1'1/2
2835. 1'1/2
2836. 1
2837. 2'1/2
2838. 2
2839. 3'1/2
2840. 2
2841. 0
2842. 2'1/2
2843. 5
2844. 0
2845. 2
2846. 2
2847. 4
2848. 0
2849. 1/2
2850. 2'1/2
2851. 7
2852. 1
2853. 0
2854. 4'1/2
2855. 0
2856. 1'1/2
2857. 2
2858. 1
2859. 1
2860. 2
2861. 2
2862. 0
2863. 1/2
2864. 0
2865. 3
2866. 0
2867. 1/2
2868. 0
2869. 0
2870. 4
2871. 2'1/2
2872. 6
2873. 1
2874. 1'1/2
2875. 2'1/2
2876. 0
2877. 0
2878. 2
2879. 2
2880. 5
2881. 0
2882. 4'1/2
2883. 2'1/2
2884. 5
2885. 0
2886. 1
2887. 2
2888. 5'1/2
2889. 1'1/2
2890. 2
2891. 1
2892. 1'1/2
2893. 2'1/2
2894. 2
2895. 1/2
2896. 2
2897. 0
2898. 0
2899. 2
2900. 1/4
2901. 0
2902. 1
2903. 5
2904. 1'1/2
2905. 1/2
2906. 0
2907. 8
2908. 0
2909. 0
2910. 3
2911. 0
2912. 1
2913. 2
2914. 0
2915. 0
2916. 2
2917. 4
2918. 5
2919. 2
2920. 2
2921. 2
2922. 2'1/2
2923. 1
2924. 4
2925. 3
2926. 1
2927. 3'1/2
2928. 2
2929. 1'1/2
2930. 4
2931. 8
2932. 1'1/2
2933. 4
2934. 3'1/2
2935. 6
2936. 1
2937. 10
2938. 2
2939. 1
2940. 1/2
2941. 4
2942. 3
2943. 0
2944. 1
2945. 2'1/2
2946. 2
2947. 2
2948. 2'1/2
2949. 3'1/2
2950. 4
2951. 2'1/2
2952. 2'1/2
2953. 2
2954. 4'1/2
2955. 2
2956. 1
2957. 2
2958. 2'1/2
2959. 4
2960. 2
2961. 1'1/2
2962. 0
2963. 1
2964. 5
2965. 1'1/2
2966. 3'1/2
2967. 1
2968. 3
2969. 0
2970. 1/2
2971. 2
2972. 1
2973. 1
2974. 2'1/2
2975. 2
2976. 1'1/2
2977. 3'1/2
2978. 1
2979. 3'1/2
2980. 3
2981. 3
2982. 4'1/2
2983. 1/2
2984. 0
2985. 6
2986. 3'1/2
2987. 5
2988. 3
2989. 0
2990. 1/2
2991. 0
2992. 0
2993. 2
2994. 6'1/2
2995. 0
2996. 0
2997. 0
2998. 1'1/2
2999. 1/2
3000. 0
3001. 3
3002. 2
3003. 3
3004. 3'1/2
3005. 2'1/2
3006. 6'1/2
3007. 1
3008. 0
3009. 4'1/2
3010. 3'1/2
3011. 4'1/2
3012. 6
3013. 6
3014. 2
3015. 2
3016. 0
3017. 1
3018. 3'1/2
3019. 1'1/2
3020. 2'1/2
3021. 1/2
3022. 0
3023. 3'1/2
3024. 2
3025. 1
3026. 1/2
3027. 2'1/2
3028. 2
3029. 3'1/2
3030. 3'1/2
3031. 1'1/2
3032. 0
3033. 0
3034. 2
3035. 1/2
3036. 2'1/2
3037. 3
3038. 1/2
3039. 6
3040. 0
3041. 2'1/2
3042. 1
3043. 0
3044. 5'1/2
3045. 2
3046. 0
3047. 0
3048. 1
3049. 0
3050. 1
3051. 0
3052. 0
3053. 8
3054. 3'1/2
3055. 2'1/2
3056. 0
3057. 1
3058. 0
3059. 3
3060. 1
3061. 2
3062. 0
3063. 2
3064. 5
3065. 0
3066. 7
3067. 2'1/2
3068. 4
3069. 5'1/2
3070. 0
3071. 2
3072. 5
3073. 1/2
3074. 0
3075. 0
3076. 2'1/2
3077. 2'1/2
3078. 2
3079. 4'1/2
3080. 1
3081. 1
3082. 0
3083. 1'1/2
3084. 0
3085. 3
3086. 0
3087. 1
3088. 0
3089. 3
3090. 2
3091. 0
3092. 3'1/2
3093. 1/2
3094. 1/2
3095. 8
3096. 4
3097. 2
3098. 0
3099. 3
3100. 0
3101. 1'1/2
3102. 4
3103. 4
3104. 2
3105. 1
3106. 3
3107. 1'1/2
3108. 1'1/2
3109. 1
3110. 1
3111. 1'1/2
3112. 5'1/2
3113. 2
3114. 2
3115. 1'1/2
3116. 0
3117. 5
3118. 1'1/2
3119. 2'1/2
3120. 1/2
3121. 6'1/2
3122. 2
3123. 1/2
3124. 2
3125. 0
3126. 0
3127. 1'1/2
3128. 0
3129. 3'1/2
3130. 3
3131. 5'1/2
3132. 3
3133. 0
3134. 3
3135. 4
3136. 6
3137. 2'1/2
3138. 1'1/2
3139. 2'1/2
3140. 2
3141. 1
3142. 0
3143. 6
3144. 2'1/2
3145. 1
3146. 0
3147. 6'1/2
3148. 2'1/2
3149. 3
3150. 1
3151. 2
3152. 6
3153. 3'1/2
3154. 0
3155. 2
3156. 0
3157. 4
3158. 1'1/2
3159. 2
3160. 2
3161. 2'1/2
3162. 3
3163. 0
3164. 5'1/2
3165. 0
3166. 0
3167. 5'1/2
3168. 4'1/2
3169. 0
3170. 3
3171. 3'1/2
3172. 5'1/2
3173. 3'1/2
3174. 2
3175. 4
3176. 1'1/2
3177. 2
3178. 1'1/2
3179. 6'1/2
3180. 2
3181. 1
3182. 0
3183. 1
3184. 4
3185. 3'1/2
3186. 4
3187. 4
3188. 0
3189. 2'1/2
3190. 2
3191. 1
3192. 2'1/2
3193. 5
3194. 0
3195. 2
3196. 1
3197. 1/2
3198. 0
3199. 0
3200. 7'1/2
3201. 1
3202. 1'1/2
3203. 0
3204. 1
3205. 1/2
3206. 3
3207. 2
3208. 4
3209. 1
3210. 1/3
3211. 1/2
3212. 3
3213. 6
3214. 5'1/2
3215. 2'1/2
3216. 5
3217. 1/2
3218. 3'1/2
3219. 3
3220. 4
3221. 2
3222. 1/2
3223. 2
3224. 1/2
3225. 7
3226. 1
3227. 0
3228. 1/2
3229. 3
3230. 5'1/2
3231. 4
3232. 2'1/2
3233. 6
3234. 1/2
3235. 0
3236. 1
3237. 1/2
3238. 3'1/2
3239. 2
3240. 8
3241. 0
3242. 1'1/2
3243. 5
3244. 0
3245. 1
3246. 2
3247. 1/2
3248. 0
3249. 3'1/2
3250. 5
3251. 1'1/2
3252. 1'1/2
3253. 3
3254. 1'3/4
3255. 1'1/2
3256. 3
3257. 1
3258. 4
3259. 3'1/2
3260. 5
3261. 2
3262. 1
3263. 1/2
3264. 0
3265. 1/2
3266. 1'1/2
3267. 1
3268. 1'1/2
3269. 2'1/2
3270. 7
3271. 3'1/2
3272. 4
3273. 4'1/2
3274. 1
3275. 2
3276. 3
3277. 2'1/2
3278. 0
3279. 5
3280. 2'1/2
3281. 0
3282. 0
3283. 2'1/2
3284. 1
3285. 1/2
3286. 5
3287. 1'1/2
3288. 4'1/2
3289. 3
3290. 1
3291. 1
3292. 3'1/2
3293. 1'1/2
3294. 2
3295. 2
3296. 1/2
3297. 1
3298. 6
3299. 8
3300. 2
3301. 1'1/2
3302. 2
3303. 1
3304. 3
3305. 1'1/2
3306. 3
3307. 0
3308. 2
3309. 6'1/2
3310. 3
3311. 3
3312. 5'1/2
3313. 6'1/2
3314. 2
3315. 4'1/2
3316. 1
3317. 0
3318. 3'1/2
3319. 1/2
3320. 1
3321. 1/2
3322. 1
3323. 1/2
3324. 1/2
3325. 3
3326. 2
3327. 4
3328. 2
3329. 3
3330. 2
3331. 2'1/2
3332. 2
3333. 1'1/2
3334. 2
3335. 0
3336. 1
3337. 0
3338. 1/2
3339. 2
3340. 4
3341. 1'1/2
3342. 1/2
3343. 1
3344. 1
3345. 1/2
3346. 4'1/2
3347. 0
3348. 0
3349. 6
3350. 1/2
3351. 1
3352. 3'1/2
3353. 2'1/2
3354. 2'1/2
3355. 1
3356. 4'1/2
3357. 1
3358. 1/2
3359. 4
3360. 3'1/2
3361. 1
3362. 3'1/2
3363. 0
3364. 2'1/2
3365. 2
3366. 1
3367. 1
3368. 2
3369. 0
3370. 2
3371. 3'1/2
3372. 0
3373. 2'1/2
3374. 1
3375. 2
3376. 3
3377. 1
3378. 1
3379. 2'1/2
3380. 2
3381. 0
3382. 3'1/2
3383. 1
3384. 1
3385. 2
3386. 2
3387. 0
3388. 5'1/2
3389. 1/2
3390. 2
3391. 4
3392. 1/2
3393. 2
3394. 0
3395. 1'1/2
3396. 0
3397. 0
3398. 5
3399. 1/2
3400. 1
3401. 0
3402. 0
3403. 1
3404. 1/2
3405. 2
3406. 1
3407. 3
3408. 3
3409. 0
3410. 2
3411. 3
3412. 4
3413. 3'1/2
3414. 1'1/2
3415. 2
3416. 3
3417. 2'1/4
3418. 6
3419. 0
3420. 5
3421. 3
3422. 1
3423. 2
3424. 0
3425. 1'1/2
3426. 0
3427. 1'1/2
3428. 1
3429. 0
3430. 2
3431. 1
3432. 1
3433. 2'1/2
3434. 1
3435. 3
3436. 1/2
3437. 0
3438. 1
3439. 2
3440. 2
3441. 4'1/2
3442. 1'1/2
3443. 2
3444. 6
3445. 4
3446. 1
3447. 0
3448. 1
3449. 3'1/2
3450. 0
3451. 4'1/2
3452. 3
3453. 5
3454. 1
3455. 0
3456. 2'1/2
3457. 1'1/2
3458. 0
3459. 4
3460. 0
3461. 2'1/2
3462. 1
3463. 3
3464. 6
3465. 8
3466. 5
3467. 3
3468. 1
3469. 0
3470. 0
3471. 6
3472. 4
3473. 6'1/2
3474. 4
3475. 0
3476. 1/2
3477. 5'1/2
3478. 2
3479. 8
3480. 1'1/2
3481. 1'1/2
3482. 0
3483. 3'1/2
3484. 1
3485. 4
3486. 0
3487. 3
3488. 1'1/2
3489. 4
3490. 2'1/2
3491. 8'1/2
3492. 3
3493. 1
3494. 2'1/2
3495. 1
3496. 1
3497. 1/2
3498. 2
3499. 3
3500. 1/2
3501. 1/2
3502. 0
3503. 1/2
3504. 1
3505. 1
3506. 1
3507. 2
3508. 6
3509. 3'1/2
3510. 6
3511. 2'1/2
3512. 2
3513. 5
3514. 1
3515. 4
3516. 2
3517. 1'1/2
3518. 2'1/2
3519. 2
3520. 1/2
3521. 0
3522. 3
3523. 0
3524. 0
3525. 0
3526. 0
3527. 1
3528. 1
3529. 3
3530. 1
3531. 7
3532. 2'1/2
3533. 2'1/2
3534. 1'1/2
3535. 4
3536. 0
3537. 0
3538. 2
3539. 1/2
3540. 1
3541. 5
3542. 0
3543. 0
3544. 5
3545. 1/2
3546. 1
3547. 4
3548. 4
3549. 0
3550. 4'1/2
3551. 3
3552. 6
3553. 1/2
3554. 1
3555. 3
3556. 1
3557. 0
3558. 2'1/2
3559. 1'1/2
3560. 0
3561. 2
3562. 0
3563. 1/2
3564. 4'1/2
3565. 1
3566. 2
3567. 3
3568. 2'1/2
3569. 2
3570. 1/2
3571. 7
3572. 4
3573. 3
3574. 1'1/2
3575. 2
3576. 0
3577. 5'1/2
3578. 8
3579. 2'1/2
3580. 0
3581. 0
3582. 1'1/2
3583. 0
3584. 0
3585. 2'1/2
3586. 4'1/2
3587. 2
3588. 1'1/2
3589. 2
3590. 5
3591. 1
3592. 0
3593. 4
3594. 0
3595. 7
3596. 0
3597. 1
3598. 1'1/2
3599. 0
3600. 0
3601. 2
3602. 1/2
3603. 1'1/2
3604. 0
3605. 1
3606. 1'1/2
3607. 2
3608. 2
3609. 1'1/2
3610. 2
3611. 1
3612. 0
3613. 0
3614. 5
3615. 2
3616. 3
3617. 3'1/2
3618. 2
3619. 1'1/2
3620. 2
3621. 8'1/2
3622. 3
3623. 0
3624. 1/2
3625. 2
3626. 0
3627. 0
3628. 2
3629. 4
3630. 2
3631. 0
3632. 0
3633. 4'1/2
3634. 1
3635. 1
3636. 5'1/2
3637. 0
3638. 3
3639. 5
3640. 2'1/2
3641. 0
3642. 1
3643. 0
3644. 0
3645. 0
3646. 1/2
3647. 0
3648. 1
3649. 1/2
3650. 2'1/2
3651. 6'1/2
3652. 1'1/2
3653. 1
3654. 1
3655. 3'1/2
3656. 2
3657. 5'1/2
3658. 2'1/2
3659. 0
3660. 5'1/2
3661. 2
3662. 0
3663. 3'1/2
3664. 1
3665. 2
3666. 5
3667. 2
3668. 0
3669. 2'1/2
3670. 1/2
3671. 1/2
3672. 1
3673. 6'1/2
3674. 1
3675. 1
3676. 0
3677. 2
3678. 1'1/2
3679. 1'1/2
3680. 0
3681. 3
3682. 3
3683. 4
3684. 1/2
3685. 5
3686. 1
3687. 0
3688. 2'1/2
3689. 2
3690. 0
3691. 0
3692. 0
3693. 1/2
3694. 1/2
3695. 1
3696. 0
3697. 1'1/2
3698. 2'1/2
3699. 0
3700. 2'1/2
3701. 2
3702. 2
3703. 1/2
3704. 1'1/2
3705. 2'1/2
3706. 2
3707. 2'1/2
3708. 1/2
3709. 1/2
3710. 0
3711. 5
3712. 2
3713. 1
3714. 4
3715. 1'1/2
3716. 4
3717. 1/4
3718. 0
3719. 1'1/2
3720. 1
3721. 1
3722. 2'1/2
3723. 0
3724. 1/2
3725. 0
3726. 1
3727. 2'1/2
3728. 0
3729. 0
3730. 1
3731. 2'1/2
3732. 1
3733. 1/2
3734. 4'1/2
3735. 1
3736. 7
3737. 0
3738. 2'1/2
3739. 3
3740. 1
3741. 0
3742. 0
3743. 2
3744. 2
3745. 4
3746. 2
3747. 0
3748. 3
3749. 0
3750. 1/2
3751. 3'1/2
3752. 1
3753. 1/2
3754. 2'1/2
3755. 0
3756. 2
3757. 4'1/2
3758. 2
3759. 1
3760. 1'1/2
3761. 1'1/2
3762. 2'1/2
3763. 1'1/2
3764. 5
3765. 3
3766. 1'1/2
3767. 3'1/2
3768. 3
3769. 1/2
3770. 1'1/2
3771. 0
3772. 3'1/2
3773. 8
3774. 2
3775. 3'1/2
3776. 2'1/2
3777. 3'1/2
3778. 2
3779. 1
3780. 1
3781. 5
3782. 4'1/2
3783. 3
3784. 2
3785. 3
3786. 1
3787. 4'1/2
3788. 6'1/2
3789. 0
3790. 2
3791. 0
3792. 0
3793. 3
3794. 3'1/2
3795. 2
3796. 2'1/2
3797. 7
3798. 2'1/2
3799. 2'1/2
3800. 4
3801. 1/2
3802. 1
3803. 1'1/2
3804. 1'1/2
3805. 0
3806. 2'1/2
3807. 2
3808. 5
3809. 3
3810. 2
3811. 2
3812. 3'1/2
3813. 0
3814. 1/2
3815. 0
3816. 2'1/2
3817. 4
3818. 1/2
3819. 0
3820. 1/2
3821. 3'1/2
3822. 6'1/2
3823. 4
3824. 4
3825. 3
3826. 4
3827. 2'1/2
3828. 4
3829. 1
3830. 1
3831. 1
3832. 0
3833. 3
3834. 2
3835. 1
3836. 1
3837. 0
3838. 2
3839. 3
3840. 3
3841. 2'1/2
3842. 8
3843. 2
3844. 0
3845. 3
3846. 1
3847. 1
3848. 1'1/2
3849. 1'1/2
3850. 1'1/2
3851. 5
3852. 1
3853. 1
3854. 2
3855. 1/2
3856. 1
3857. 1'1/2
3858. 2
3859. 0
3860. 1'1/2
3861. 1
3862. 2
3863. 1
3864. 2
3865. 2'1/2
3866. 2'1/2
3867. 0
3868. 3'1/2
3869. 1/2
3870. 4'1/2
3871. 1
3872. 0
3873. 4
3874. 3
3875. 2'1/2
3876. 1
3877. 1/2
3878. 0
3879. 1'1/2
3880. 2'1/2
3881. 2
3882. 2
3883. 4
3884. 1/2
3885. 0
3886. 1'1/2
3887. 0
3888. 1
3889. 2/4
3890. 0
3891. 0
3892. 0
3893. 5
3894. 3'1/2
3895. 0
3896. 5
3897. 2
3898. 1
3899. 4
3900. 3
3901. 3'1/2
3902. 2
3903. 2'1/2
3904. 1'1/2
3905. 2
3906. 1
3907. 2
3908. 1
3909. 6
3910. 1'1/2
3911. 2
3912. 5'1/2
3913. 2
3914. 3'1/2
3915. 2
3916. 1
3917. 0
3918. 3
3919. 4
3920. 5'1/2
3921. 7
3922. 0
3923. 0
3924. 1'1/2
3925. 5
3926. 1
3927. 3'1/2
3928. 0
3929. 3
3930. 0
3931. 0
3932. 1'1/2
3933. 2
3934. 2'1/2
3935. 2
3936. 3
3937. 4'1/2
3938. 1
3939. 0
3940. 7
3941. 1'1/2
3942. 1/2
3943. 0
3944. 9
3945. 2'1/2
3946. 1'1/2
3947. 3'1/2
3948. 2
3949. 3
3950. 8
3951. 1/2
3952. 1'1/2
3953. 4
3954. 0
3955. 1
3956. 6
3957. 1
3958. 3
3959. 3
3960. 0
3961. 2'1/2
3962. 3'1/2
3963. 5
3964. 1/2
3965. 2'1/2
3966. 0
3967. 1'2/3
3968. 1'1/2
3969. 3
3970. 7
3971. 2/4
3972. 6
3973. 0
3974. 1
3975. 2'1/2
3976. 1
3977. 1
3978. 3'1/2
3979. 2'1/2
3980. 6
3981. 3
3982. 2
3983. 2
3984. 2
3985. 0
3986. 0
3987. 0
3988. 4
3989. 1/2
3990. 3'1/2
3991. 1/2
3992. 2
3993. 8
3994. 1/2
3995. 1
3996. 5
3997. 1
3998. 4
3999. 4
4000. 1
4001. 0
4002. 2'1/2
4003. 3'1/2
4004. 2'1/2
4005. 1
4006. 1
4007. 4
4008. 2'1/2
4009. 2'1/2
4010. 3
4011. 2'1/2
4012. 0
4013. 2
4014. 1
4015. 0
4016. 4
4017. 5
4018. 7
4019. 2'1/2
4020. 1
4021. 2'1/2
4022. 1/2
4023. 4
4024. 2'1/2
4025. 2'1/2
4026. 4
4027. 1'1/2
4028. 6
4029. 6
4030. 0
4031. 1/2
4032. 1
4033. 2
4034. 0
4035. 2'1/2
4036. 5
4037. 3'1/2
4038. 2
4039. 4'1/2
4040. 2'1/2
4041. 4
4042. 4
4043. 1'1/2
4044. 1
4045. 1
4046. 2
4047. 6
4048. 2
4049. 2
4050. 0
4051. 2
4052. 1
4053. 0
4054. 3'1/2
4055. 2'1/2
4056. 6'1/2
4057. 2'1/2
4058. 6
4059. 1
4060. 3'1/2
4061. 4'1/2
4062. 2
4063. 3'1/2
4064. 0
4065. 0
4066. 0
4067. 3
4068. 2'1/2
4069. 2'1/2
4070. 3'1/2
4071. 0
4072. 3'1/2
4073. 2
4074. 5
4075. 1
4076. 1
4077. 3'1/2
4078. 1/2
4079. 1
4080. 1'1/2
4081. 0
4082. 1
4083. 4'1/2
4084. 3
4085. 1'1/2
4086. 2'1/2
4087. 5
4088. 1
4089. 1/2
4090. 6
4091. 1/2
4092. 6
4093. 4
4094. 2
4095. 1/2
4096. 1/2
4097. 2
4098. 0
4099. 5
4100. 1
4101. 0
4102. 4
4103. 4
4104. 1'1/2
4105. 4
4106. 1
4107. 0
4108. 1'1/2
4109. 3
4110. 2
4111. 0
4112. 4
4113. 1'1/4
4114. 0
4115. 2
4116. 1'1/2
4117. 2'1/2
4118. 1
4119. 4'1/2
4120. 0
4121. 0
4122. 1
4123. 1'1/2
4124. 1'1/2
4125. 2
4126. 1
4127. 4
4128. 0
4129. 3
4130. 1
4131. 2
4132. 1
4133. 2
4134. 2'1/2
4135. 2
4136. 2'1/2
4137. 5
4138. 0
4139. 0
4140. 1'1/2
4141. 1'1/2
4142. 0
4143. 2
4144. 1
4145. 1/3
4146. 1
4147. 1/2
4148. 5
4149. 6
4150. 1
4151. 1'1/2
4152. 0
4153. 6'1/2
4154. 2
4155. 1/2
4156. 4
4157. 2
4158. 1
4159. 3
4160. 2'1/2
4161. 0
4162. 0
4163. 0
4164. 3
4165. 3'1/2
4166. 2'1/2
4167. 3
4168. 2
4169. 2
4170. 0
4171. 0
4172. 0
4173. 6'1/2
4174. 2
4175. 0
4176. 1
4177. 2
4178. 1/2
4179. 2
4180. 2'1/2
4181. 2
4182. 1
4183. 5
4184. 0
4185. 3
4186. 3
4187. 0
4188. 1'1/2
4189. 1
4190. 1
4191. 1/2
4192. 1
4193. 1/2
4194. 4'1/2
4195. 4
4196. 2'1/2
4197. 4
4198. 1
4199. 3
4200. 1/2
4201. 2
4202. 5'1/2
4203. 5
4204. 1
4205. 0
4206. 0
4207. 4
4208. 1
4209. 1'1/2
4210. 3'1/2
4211. 2
4212. 8
4213. 2'1/2
4214. 2'1/2
4215. 3
4216. 3'1/2
4217. 2
4218. 1
4219. 0
4220. 6
4221. 0
4222. 4
4223. 3
4224. 1'1/2
4225. 0
4226. 2
4227. 5'1/2
4228. 1
4229. 2
4230. 3'1/2
4231. 1
4232. 2'1/2
4233. 2
4234. 3
4235. 1/2
4236. 5'1/2
4237. 3
4238. 3
4239. 2
4240. 0
4241. 1
4242. 4
4243. 0
4244. 1'1/2
4245. 3
4246. 0
4247. 5
4248. 1/2
4249. 1
4250. 2
4251. 2
4252. 4
4253. 3
4254. 4
4255. 2
4256. 3'1/2
4257. 0
4258. 4
4259. 2
4260. 3'1/2
4261. 2'1/2
4262. 4'1/2
4263. 2
4264. 2
4265. 5
4266. 2
4267. 2
4268. 0
4269. 4'1/2
4270. 2
4271. 2
4272. 1'1/2
4273. 0
4274. 2
4275. 0
4276. 0
4277. 1'1/2
4278. 1
4279. 4
4280. 4
4281. 1
4282. 1
4283. 7
4284. 0
4285. 1
4286. 3'1/2
4287. 2
4288. 0
4289. 2
4290. 2
4291. 2
4292. 1/2
4293. 3
4294. 1
4295. 1/2
4296. 4
4297. 1/2
4298. 1/2
4299. 3
4300. 3'1/2
4301. 0
4302. 3
4303. 2'1/2
4304. 2
4305. 3
4306. 1'1/2
4307. 1
4308. 2'1/2
4309. 0
4310. 2
4311. 1/2
4312. 3
4313. 5
4314. 1'1/2
4315. 1
4316. 1'1/2
4317. 0
4318. 2
4319. 2
4320. 2
4321. 2
4322. 1/2
4323. 1'1/2
4324. 1'1/2
4325. 3
4326. 2
4327. 2
4328. 2'1/2
4329. 1/2
4330. 1/2
4331. 4
4332. 2
4333. 1
4334. 1
4335. 3
4336. 1/2
4337. 1
4338. 7
4339. 3'1/2
4340. 0
4341. 0
4342. 1
4343. 1
4344. 4
4345. 1
4346. 1'1/2
4347. 3
4348. 4'1/2
4349. 2'1/2
4350. 4
4351. 8
4352. 2
4353. 0
4354. 1/2
4355. 1/2
4356. 1
4357. 2'1/2
4358. 0
4359. 1/2
4360. 3
4361. 2'1/2
4362. 4
4363. 1
4364. 0
4365. 3'1/2
4366. 1'1/2
4367. 0
4368. 1
4369. 1
4370. 3
4371. 5
4372. 1
4373. 1
4374. 2
4375. 0
4376. 0
4377. 5'1/2
4378. 2
4379. 0
4380. 2'1/2
4381. 5
4382. 6
4383. 4'1/2
4384. 4
4385. 4'1/2
4386. 1/2
4387. 2
4388. 0
4389. 1
4390. 1'1/2
4391. 3
4392. 4
4393. 4
4394. 3
4395. 1
4396. 1/2
4397. 1'1/2
4398. 3
4399. 5
4400. 2
4401. 0
4402. 0
4403. 5'1/2
4404. 1/2
4405. 3'1/2
4406. 0
4407. 3
4408. 4
4409. 1
4410. 3
4411. 1'1/2
4412. 1/2
4413. 0
4414. 3
4415. 1
4416. 2
4417. 1/2
4418. 2'1/2
4419. 2
4420. 2
4421. 4
4422. 0
4423. 0
4424. 6
4425. 9
4426. 2
4427. 0
4428. 0
4429. 0
4430. 1/2
4431. 2'1/2
4432. 1
4433. 2'1/2
4434. 2
4435. 1/2
4436. 1'1/2
4437. 4
4438. 0
4439. 3
4440. 0
4441. 0
4442. 7
4443. 3'1/2
4444. 4
4445. 1'1/2
4446. 8'1/2
4447. 1'1/2
4448. 1/2
4449. 5
4450. 1/2
4451. 0
4452. 3
4453. 0
4454. 2
4455. 0
4456. 1/2
4457. 7'1/2
4458. 4'1/2
4459. 1
4460. 0
4461. 1
4462. 1
4463. 2
4464. 1/2
4465. 1
4466. 1
4467. 3
4468. 1/2
4469. 1/2
4470. 1/2
4471. 5
4472. 4
4473. 3
4474. 0
4475. 4'1/2
4476. 1
4477. 4
4478. 2
4479. 0
4480. 0
4481. 0
4482. 3
4483. 1
4484. 0
4485. 3'1/2
4486. 1
4487. 5
4488. 5
4489. 0
4490. 3
4491. 1
4492. 1'1/2
4493. 3'1/2
4494. 0
4495. 2
4496. 1
4497. 1
4498. 0
4499. 1/2
4500. 8
4501. 8
4502. 2'1/2
4503. 1'1/2
4504. 1
4505. 1
4506. 2
4507. 3'1/2
4508. 2
4509. 3
4510. 2
4511. 1/2
4512. 3'1/2
4513. 3
4514. 2'1/2
4515. 2'1/2
4516. 1/2
4517. 2
4518. 0
4519. 4
4520. 2
4521. 1
4522. 2
4523. 1/2
4524. 2
4525. 2
4526. 2
4527. 2'1/2
4528. 1
4529. 0
4530. 1'1/2
4531. 4
4532. 3
4533. 2
4534. 5'1/2
4535. 1
4536. 3'1/2
4537. 0
4538. 2
4539. 1
4540. 3
4541. 4
4542. 0
4543. 4
4544. 1'1/2
4545. 3'1/2
4546. 5
4547. 1/2
4548. 2
4549. 0
4550. 0
4551. 2
4552. 3'1/2
4553. 1/2
4554. 1'1/2
4555. 0
4556. 1
4557. 3
4558. 5'1/2
4559. 0
4560. 1/2
4561. 0
4562. 4
4563. 3'1/2
4564. 1
4565. 0
4566. 2
4567. 5
4568. 2'1/2
4569. 7
4570. 1'1/2
4571. 2
4572. 2
4573. 4'1/2
4574. 3
4575. 0
4576. 1/2
4577. 2
4578. 2'1/2
4579. 0
4580. 3
4581. 4
4582. 3
4583. 2
4584. 4
4585. 4
4586. 2'1/2
4587. 1'1/2
4588. 8
4589. 5'1/2
4590. 4'1/2
4591. 3
4592. 0
4593. 2'1/2
4594. 1
4595. 0
4596. 2'1/2
4597. 6'1/2
4598. 4
4599. 2
4600. 2'1/2
4601. 1
4602. 0
4603. 0
4604. 2'1/2
4605. 1/2
4606. 2
4607. 3
4608. 0
4609. 2
4610. 2
4611. 0
4612. 5
4613. 1/2
4614. 0
4615. 2
4616. 6
4617. 1'1/2
4618. 0
4619. 0
4620. 1/2
4621. 3
4622. 2'1/2
4623. 3
4624. 2'1/2
4625. 3
4626. 1'1/2
4627. 1'1/2
4628. 3'1/2
4629. 7'1/2
4630. 3
4631. 4
4632. 4
4633. 2'1/2
4634. 6'1/2
4635. 1/2
4636. 1'1/2
4637. 5
4638. 9
4639. 1
4640. 0
4641. 2
4642. 1
4643. 1
4644. 0
4645. 2'1/2
4646. 0
4647. 1
4648. 0
4649. 1
4650. 2
4651. 5
4652. 4'1/2
4653. 3
4654. 3'1/2
4655. 0
4656. 1
4657. 1/2
4658. 1/2
4659. 4'1/2
4660. 2
4661. 2
4662. 1
4663. 1
4664. 2
4665. 2
4666. 3'1/2
4667. 3'1/2
4668. 2
4669. 1'1/2
4670. 0
4671. 6'1/2
4672. 5
4673. 3
4674. 1
4675. 0
4676. 1
4677. 0
4678. 1
4679. 1
4680. 4
4681. 2
4682. 1
4683. 0
4684. 1'1/2
4685. 2
4686. 2
4687. 1'1/2
4688. 2/3
4689. 0
4690. 2
4691. 0
4692. 4
4693. 1'1/2
4694. 1/2
4695. 0
4696. 3'1/2
4697. 0
4698. 0
4699. 5
4700. 0
4701. 1
4702. 1'1/2
4703. 0
4704. 1'1/2
4705. 3
4706. 3'1/2
4707. 4
4708. 1
4709. 0
4710. 0
4711. 0
4712. 2'1/2
4713. 3
4714. 0
4715. 1/4
4716. 5
4717. 0
4718. 1
4719. 1'1/2
4720. 0
4721. 4
4722. 2
4723. 5'1/2
4724. 1
4725. 1
4726. 1
4727. 2'1/2
4728. 2
4729. 6
4730. 1'1/2
4731. 0
4732. 1
4733. 0
4734. 2'1/2
4735. 1/2
4736. 1'1/2
4737. 0
4738. 4
4739. 3
4740. 0
4741. 1
4742. 2
4743. 2'1/2
4744. 2
4745. 1/2
4746. 7'1/2
4747. 0
4748. 4
4749. 2
4750. 1/2
4751. 1/2
4752. 0
4753. 4
4754. 0
4755. 0
4756. 1
4757. 2
4758. 1/2
4759. 4
4760. 1'1/2
4761. 3
4762. 4
4763. 4'1/2
4764. 6
4765. 3'1/2
4766. 1'1/2
4767. 0
4768. 1/2
4769. 3
4770. 1/2
4771. 2
4772. 2
4773. 4
4774. 1/2
4775. 5'1/2
4776. 2
4777. 3'1/2
4778. 0
4779. 1'1/2
4780. 3
4781. 1
4782. 0
4783. 0
4784. 3
4785. 1
4786. 4
4787. 1'1/2
4788. 1'1/2
4789. 1
4790. 1
4791. 1/2
4792. 2
4793. 2'1/2
4794. 1
4795. 5
4796. 4
4797. 6'1/2
4798. 1/2
4799. 3
4800. 3'1/2
4801. 1
4802. 0
4803. 1
4804. 1
4805. 0
4806. 1/2
4807. 2
4808. 2
4809. 2'1/2
4810. 2'1/2
4811. 2
4812. 1
4813. 1'1/2
4814. 3'1/2
4815. 2
4816. 4
4817. 1
4818. 4'1/2
4819. 1
4820. 5
4821. 1
4822. 0
4823. 4
4824. 5'1/2
4825. 2'1/2
4826. 3'1/2
4827. 1
4828. 3
4829. 3'1/2
4830. 3
4831. 2
4832. 8'1/2
4833. 1/2
4834. 0
4835. 1/2
4836. 1'1/2
4837. 0
4838. 1/2
4839. 4
4840. 3
4841. 2'1/2
4842. 2
4843. 2'1/2
4844. 0
4845. 0
4846. 5'1/2
4847. 1/2
4848. 1
4849. 3
4850. 2
4851. 1'1/2
4852. 0
4853. 5
4854. 4
4855. 2
4856. 0
4857. 0
4858. 1'1/2
4859. 2'1/2
4860. 1/2
4861. 2
4862. 3
4863. 7
4864. 1
4865. 2
4866. 2'1/2
4867. 2'1/2
4868. 2
4869. 0
4870. 2
4871. 1
4872. 7
4873. 4
4874. 1/2
4875. 1
4876. 0
4877. 5
4878. 1
4879. 2
4880. 4'1/2
4881. 3'1/2
4882. 1/2
4883. 2'1/2
4884. 2
4885. 0
4886. 2
4887. 2
4888. 3
4889. 2'1/2
4890. 3'1/2
4891. 2
4892. 0
4893. 0
4894. 1
4895. 6
4896. 4'1/2
4897. 3
4898. 0
4899. 1
4900. 0
4901. 0
4902. 1'1/2
4903. 4'1/2
4904. 1
4905. 3
4906. 2
4907. 6
4908. 6
4909. 3
4910. 2
4911. 1/2
4912. 0
4913. 3
4914. 2
4915. 1
4916. 2/3
4917. 2
4918. 2'1/2
4919. 3'1/2
4920. 2'1/2
4921. 6
4922. 6
4923. 3'1/2
4924. 0
4925. 3
4926. 2
4927. 4
4928. 6
4929. 4
4930. 2
4931. 2'1/2
4932. 4
4933. 4'1/2
4934. 1/2
4935. 0
4936. 1/2
4937. 2
4938. 4
4939. 2
4940. 0
4941. 5
4942. 1'1/2
4943. 1/2
4944. 2
4945. 0
4946. 2
4947. 2
4948. 1/2
4949. 2
4950. 1
4951. 0
4952. 4
4953. 3
4954. 2
4955. 3'1/2
4956. 0
4957. 4
4958. 1/2
4959. 1
4960. 3'1/2
4961. 3
4962. 3
4963. 3
4964. 1/2
4965. 1'1/2
4966. 1
4967. 3'1/2
4968. 1'1/2
4969. 2'1/2
4970. 2
4971. 3'1/2
4972. 0
4973. 4
4974. 4
4975. 1
4976. 4
4977. 1
4978. 5
4979. 3
4980. 1'1/2
4981. 5
4982. 8'1/2
4983. 1'1/2
4984. 1
4985. 2
4986. 5
4987. 2'1/2
4988. 0
4989. 1/2
4990. 1
4991. 1'1/2
4992. 0
4993. 4
4994. 4'1/2
4995. 4
4996. 0
4997. 2'1/2
4998. 3
4999. 1/2
5000. 1'1/2
5001. 2
5002. 1'1/2
5003. 2
5004. 2'1/2
5005. 7
5006. 1/2
5007. 1
5008. 1
5009. 0
5010. 3'1/2
5011. 1
5012. 2
5013. 3
5014. 1/2
5015. 4
5016. 1/2
5017. 2
5018. 1'1/2
5019. 1'1/2
5020. 1
5021. 5
5022. 1'1/2
5023. 1'1/2
5024. 4'1/2
5025. 3'1/2
5026. 2
5027. 3
5028. 0
5029. 2
5030. 2'1/2
5031. 3
5032. 2
5033. 2
5034. 4'1/2
5035. 5
5036. 1
5037. 1
5038. 0
5039. 0
5040. 4
5041. 3
5042. 7
5043. 0
5044. 1'1/2
5045. 3
5046. 2'1/2
5047. 3'1/2
5048. 1/2
5049. 2'1/2
5050. 3
5051. 3
5052. 0
5053. 0
5054. 2'1/2
5055. 0
5056. 7
5057. 2
5058. 1/2
5059. 2'1/2
5060. 1/2
5061. 1/2
5062. 6
5063. 1
5064. 0
5065. 1
5066. 3
5067. 0
5068. 0
5069. 5
5070. 1/2
5071. 1
5072. 4
5073. 1
5074. 1'1/2
5075. 1
5076. 7
5077. 1/2
5078. 2'1/2
5079. 2
5080. 6
5081. 1
5082. 5
5083. 1/2
5084. 3'1/2
5085. 2'1/2
5086. 2
5087. 2
5088. 1
5089. 1'1/2
5090. 3
5091. 2'1/2
5092. 2'1/2
5093. 4
5094. 1/2
5095. 6
5096. 3'1/2
5097. 0
5098. 0
5099. 1
5100. 3
5101. 3
5102. 1
5103. 2
5104. 3
5105. 1/2
5106. 0
5107. 2
5108. 1/2
5109. 7
5110. 3
5111. 1'1/2
5112. 2
5113. 1/2
5114. 2
5115. 0
5116. 2
5117. 0
5118. 2'1/2
5119. 0
5120. 1'1/2
5121. 1
5122. 2
5123. 2'1/2
5124. 0
5125. 2
5126. 3
5127. 1'1/2
5128. 0
5129. 3'1/2
5130. 1/2
5131. 3
5132. 3
5133. 1/3
5134. 0
5135. 3
5136. 1
5137. 2'1/2
5138. 2
5139. 1/2
5140. 2
5141. 1
5142. 0
5143. 2'1/2
5144. 4'1/2
5145. 2
5146. 1
5147. 2
5148. 1/2
5149. 2
5150. 4'1/2
5151. 4
5152. 4
5153. 4'1/2
5154. 2
5155. 3'1/2
5156. 1
5157. 4
5158. 0
5159. 1
5160. 2'1/2
5161. 1'1/2
5162. 2
5163. 1
5164. 5'1/2
5165. 1
5166. 0
5167. 2'1/2
5168. 6
5169. 4'1/2
5170. 2
5171. 1
5172. 0
5173. 2
5174. 1'1/2
5175. 2
5176. 3'1/2
5177. 6
5178. 0
5179. 2
5180. 2
5181. 1'1/2
5182. 0
5183. 3
5184. 1/2
5185. 4
5186. 0
5187. 0
5188. 1/2
5189. 4'1/2
5190. 1/2
5191. 3'1/2
5192. 2
5193. 1'1/2
5194. 2
5195. 0
5196. 1/2
5197. 1'1/2
5198. 12
5199. 0
5200. 1
5201. 0
5202. 3
5203. 1
5204. 1/2
5205. 1
5206. 3
5207. 4'1/2
5208. 5
5209. 2
5210. 2
5211. 2
5212. 1/2
5213. 1'1/2
5214. 3
5215. 1/2
5216. 1/2
5217. 7
5218. 1/2
5219. 2
5220. 4
5221. 1
5222. 2'1/2
5223. 1'1/2
5224. 1'1/2
5225. 2
5226. 6
5227. 1
5228. 3'1/2
5229. 0
5230. 1'1/2
5231. 0
5232. 0
5233. 0
5234. 1'1/2
5235. 1/2
5236. 1'1/2
5237. 7
5238. 1/2
5239. 1
5240. 0
5241. 0
5242. 3
5243. 2
5244. 1
5245. 1
5246. 1
5247. 3'1/2
5248. 2'1/2
5249. 3'1/2
5250. 3'1/2
5251. 5'1/2
5252. 0
5253. 0
5254. 1'1/2
5255. 3
5256. 1
5257. 1/2
5258. 1/2
5259. 6
5260. 2'1/2
5261. 1
5262. 2'1/2
5263. 5
5264. 5'1/2
5265. 0
5266. 2
5267. 0
5268. 1
5269. 3'1/2
5270. 2
5271. 2
5272. 1/2
5273. 1
5274. 1
5275. 0
5276. 2
5277. 0
5278. 1/2
5279. 0
5280. 2
5281. 0
5282. 2
5283. 1
5284. 1
5285. 2'1/2
5286. 1/4
5287. 2
5288. 0
5289. 2
5290. 5
5291. 1
5292. 3
5293. 2
5294. 4
5295. 4
5296. 0
5297. 3'1/2
5298. 0
5299. 2
5300. 1
5301. 3
5302. 1/2
5303. 3'1/2
5304. 4'1/2
5305. 1'1/2
5306. 6
5307. 3'1/2
5308. 6
5309. 5
5310. 1/2
5311. 1
5312. 3'1/2
5313. 0
5314. 3
5315. 1'1/2
5316. 6
5317. 0
5318. 1/2
5319. 3
5320. 2'1/2
5321. 1'1/2
5322. 2'1/2
5323. 3'1/2
5324. 1'1/2
5325. 2'1/2
5326. 1
5327. 1
5328. 1'1/2
5329. 1/2
5330. 1/2
5331. 2
5332. 2'1/2
5333. 1
5334. 1/2
5335. 2
5336. 5'1/2
5337. 0
5338. 3
5339. 1/2
5340. 0
5341. 2
5342. 1
5343. 4
5344. 2
5345. 1/2
5346. 5
5347. 4'1/2
5348. 0
5349. 0
5350. 6
5351. 5
5352. 1
5353. 5'1/2
5354. 3
5355. 2
5356. 2
5357. 0
5358. 0
5359. 3
5360. 1
5361. 0
5362. 1
5363. 0
5364. 4
5365. 3'1/2
5366. 1/2
5367. 3
5368. 4'1/2
5369. 4
5370. 1/2
5371. 0
5372. 4
5373. 2
5374. 2
5375. 1
5376. 2
5377. 5
5378. 1'1/2
5379. 4'1/2
5380. 1
5381. 3
5382. 6
5383. 2
5384. 2
5385. 4
5386. 2
5387. 1'1/2
5388. 0
5389. 4'1/2
5390. 1/2
5391. 3
5392. 1
5393. 2
5394. 1
5395. 1'1/2
5396. 1
5397. 4
5398. 1'1/2
5399. 3
5400. 0
5401. 5'1/2
5402. 4'1/2
5403. 4
5404. 3
5405. 4'1/2
5406. 0
5407. 1
5408. 4'1/2
5409. 2
5410. 2
5411. 3
5412. 1
5413. 3'1/2
5414. 0
5415. 2'1/2
5416. 0
5417. 2'1/2
5418. 3'1/2
5419. 0
5420. 4
5421. 6
5422. 0
5423. 3
5424. 4
5425. 4
5426. 6
5427. 1
5428. 0
5429. 0
5430. 9
5431. 0
5432. 0
5433. 4'1/2
5434. 0
5435. 0
5436. 4
5437. 2
5438. 2'1/2
5439. 3'1/2
5440. 0
5441. 3'1/2
5442. 0
5443. 3
5444. 1
5445. 5
5446. 3'1/2
5447. 4
5448. 0
5449. 6
5450. 0
5451. 4'1/2
5452. 0
5453. 0
5454. 1
5455. 2
5456. 3'1/2
5457. 0
5458. 3
5459. 0
5460. 4
5461. 5'1/2
5462. 2
5463. 6'1/2
5464. 4
5465. 1/2
5466. 5
5467. 3'1/2
5468. 2
5469. 1
5470. 4'1/2
5471. 4
5472. 3'1/2
5473. 1/2
5474. 2'1/2
5475. 2
5476. 3
5477. 2'1/2
5478. 0
5479. 2
5480. 2'1/2
5481. 1'1/2
5482. 1
5483. 1'1/2
5484. 4
5485. 3
5486. 2'1/2
5487. 1'1/2
5488. 2
5489. 4
5490. 0
5491. 4
5492. 3
5493. 2
5494. 4'1/2
5495. 0
5496. 4
5497. 1/2
5498. 3
5499. 1
5500. 1
5501. 0
5502. 7
5503. 4
5504. 0
5505. 0
5506. 4
5507. 3
5508. 6'1/2
5509. 2
5510. 3
5511. 1/2
5512. 7
5513. 3
5514. 3'1/2
5515. 2'1/2
5516. 1
5517. 0
5518. 2'1/2
5519. 2
5520. 3'1/2
5521. 1
5522. 0
5523. 0
5524. 3'1/2
5525. 2'1/2
5526. 1/2
5527. 0
5528. 1
5529. 4
5530. 0
5531. 6
5532. 1
5533. 3
5534. 1'1/2
5535. 0
5536. 1
5537. 3
5538. 2'1/2
5539. 1'1/2
5540. 3
5541. 3'1/2
5542. 2
5543. 0
5544. 8
5545. 1'1/2
5546. 2
5547. 2
5548. 2
5549. 0
5550. 6'1/2
5551. 1
5552. 1
5553. 3'1/2
5554. 1/2
5555. 8
5556. 6'1/2
5557. 1'1/2
5558. 2
5559. 1'1/2
5560. 3
5561. 1/2
5562. 1
5563. 3'1/2
5564. 2'1/2
5565. 1'1/2
5566. 3'1/2
5567. 3'1/2
5568. 5
5569. 0
5570. 2'1/2
5571. 4
5572. 1
5573. 1
5574. 2
5575. 1
5576. 3'1/2
5577. 0
5578. 2
5579. 4'1/2
5580. 1'1/2
5581. 2
5582. 4
5583. 0
5584. 2
5585. 1
5586. 1
5587. 0
5588. 0
5589. 8
5590. 6
5591. 1
5592. 1'1/2
5593. 2
5594. 1
5595. 0
5596. 0
5597. 1
5598. 2'1/2
5599. 5
5600. 0
5601. 2
5602. 2'1/2
5603. 2'1/2
5604. 4'1/2
5605. 1
5606. 1/4
5607. 1'1/2
5608. 1/2
5609. 6
5610. 1
5611. 1
5612. 4
5613. 3'1/2
5614. 3'1/2
5615. 0
5616. 0
5617. 1'1/2
5618. 0
5619. 5
5620. 1
5621. 0
5622. 1
5623. 4'1/2
5624. 0
5625. 3
5626. 2
5627. 1/2
5628. 2'1/2
5629. 2'1/2
5630. 0
5631. 3
5632. 0
5633. 6'1/2
5634. 1/2
5635. 2'1/2
5636. 3
5637. 1
5638. 2'1/2
5639. 4
5640. 4
5641. 3'1/2
5642. 1/2
5643. 1
5644. 4'1/2
5645. 0
5646. 2
5647. 0
5648. 1
5649. 1
5650. 1
5651. 3
5652. 2
5653. 5
5654. 4
5655. 4'1/2
5656. 2
5657. 1'1/2
5658. 0
5659. 1
5660. 1/2
5661. 4'1/2
5662. 5
5663. 3
5664. 0
5665. 3'1/2
5666. 0
5667. 0
5668. 1
5669. 3
5670. 1/2
5671. 0
5672. 1
5673. 5
5674. 4
5675. 1'1/2
5676. 3'1/2
5677. 1
5678. 1/2
5679. 1
5680. 0
5681. 0
5682. 2
5683. 0
5684. 4
5685. 1'1/2
5686. 1/2
5687. 6
5688. 1
5689. 5'1/2
5690. 1/2
5691. 1
5692. 1/2
5693. 0
5694. 5
5695. 1'1/2
5696. 3
5697. 4
5698. 3
5699. 7'1/2
5700. 2'1/2
5701. 1/2
5702. 4
5703. 3
5704. 3
5705. 8
5706. 1'1/2
5707. 3'1/2
5708. 4
5709. 1
5710. 3'1/2
5711. 3'1/2
5712. 1
5713. 6
5714. 1/2
5715. 6
5716. 5'1/2
5717. 0
5718. 4
5719. 3'1/2
5720. 0
5721. 1/2
5722. 1
5723. 0
5724. 0
5725. 1
5726. 2'1/2
5727. 4
5728. 1
5729. 4'1/2
5730. 1'1/2
5731. 2
5732. 0
5733. 0
5734. 0
5735. 1
5736. 0
5737. 0
5738. 3'1/2
5739. 3'1/2
5740. 5
5741. 1/2
5742. 1/2
5743. 4'1/2
5744. 1
5745. 4'1/2
5746. 2
5747. 5
5748. 0
5749. 1
5750. 2
5751. 2
5752. 2
5753. 4
5754. 0
5755. 1/2
5756. 1
5757. 2
5758. 1
5759. 4'1/2
5760. 1/2
5761. 4'1/2
5762. 1
5763. 1'1/2
5764. 0
5765. 3'1/2
5766. 3
5767. 2
5768. 1/2
5769. 4'1/2
5770. 2
5771. 4
5772. 1'1/2
5773. 2
5774. 0
5775. 0
5776. 1/2
5777. 5'1/2
5778. 4
5779. 1/2
5780. 2
5781. 1/2
5782. 1
5783. 0
5784. 4'1/2
5785. 1/2
5786. 1/2
5787. 1/2
5788. 1'1/2
5789. 4'1/2
5790. 0
5791. 1'1/2
5792. 1
5793. 4
5794. 1
5795. 0
5796. 0
5797. 0
5798. 2'1/2
5799. 2
5800. 2
5801. 1
5802. 2
5803. 4
5804. 0
5805. 1'1/2
5806. 3'1/2
5807. 1
5808. 3
5809. 0
5810. 2
5811. 1
5812. 2'1/2
5813. 0
5814. 3
5815. 2'1/2
5816. 3
5817. 4'1/2
5818. 1/2
5819. 1
5820. 0
5821. 3
5822. 3
5823. 1
5824. 1
5825. 4
5826. 5
5827. 5
5828. 1'1/2
5829. 4'1/2
5830. 0
5831. 1
5832. 1
5833. 4
5834. 0
5835. 1
5836. 0
5837. 1'1/2
5838. 5
5839. 4
5840. 3/4
5841. 1
5842. 3
5843. 5
5844. 7
5845. 1'1/2
5846. 4
5847. 4'1/2
5848. 0
5849. 2
5850. 4
5851. 0
5852. 3
5853. 6
5854. 1
5855. 1/2
5856. 4
5857. 1'1/2
5858. 1'1/2
5859. 1
5860. 1
5861. 3
5862. 4
5863. 0
5864. 1
5865. 1/2
5866. 4
5867. 1/2
5868. 4
5869. 3
5870. 2
5871. 2
5872. 2'1/2
5873. 2'1/2
5874. 1
5875. 4'1/2
5876. 0
5877. 1/2
5878. 3
5879. 3
5880. 2
5881. 5
5882. 4'1/2
5883. 3'1/2
5884. 0
5885. 8
5886. 0
5887. 1/2
5888. 1/2
5889. 1/2
5890. 4'1/2
5891. 3
5892. 1
5893. 2
5894. 0
5895. 5'1/2
5896. 8'1/2
5897. 2
5898. 1
5899. 3
5900. 2
5901. 4'1/2
5902. 4
5903. 3
5904. 1/2
5905. 3'1/2
5906. 0
5907. 0
5908. 1/2
5909. 6
5910. 0
5911. 8
5912. 1
5913. 1/2
5914. 1/2
5915. 4
5916. 1
5917. 0
5918. 0
5919. 2
5920. 3
5921. 1/2
5922. 1
5923. 4
5924. 3
5925. 0
5926. 0
5927. 2
5928. 1/2
5929. 1'1/2
5930. 1
5931. 5'1/2
5932. 1
5933. 4
5934. 5
5935. 2
5936. 0
5937. 2
5938. 1'1/2
5939. 0
5940. 2
5941. 3
5942. 1'1/2
5943. 2
5944. 2
5945. 2
5946. 3
5947. 2
5948. 3'1/2
5949. 5'1/2
5950. 1'1/2
5951. 4
5952. 1
5953. 4'1/2
5954. 4'1/2
5955. 2
5956. 0
5957. 3
5958. 6'1/2
5959. 4
5960. 1/2
5961. 1/2
5962. 4'1/2
5963. 0
5964. 1
5965. 4'1/2
5966. 1
5967. 5
5968. 2
5969. 1'1/2
5970. 1/2
5971. 3
5972. 3'1/2
5973. 1
5974. 1
5975. 3
5976. 3
5977. 2'1/2
5978. 2
5979. 1'1/2
5980. 5
5981. 5
5982. 2'1/2
5983. 0
5984. 1/2
5985. 2'1/2
5986. 1'1/2
5987. 3'1/2
5988. 3
5989. 5
5990. 2
5991. 1/2
5992. 4
5993. 4
5994. 3
5995. 1/2
5996. 5
5997. 4
5998. 0
5999. 1'1/2
6000. 2'1/2
6001. 4
6002. 3
6003. 3
6004. 4'1/2
6005. 5
6006. 6
6007. 0
6008. 2
6009. 3
6010. 2
6011. 2'1/2
6012. 0
6013. 2
6014. 5
6015. 4
6016. 1
6017. 4'1/2
6018. 1
6019. 4'1/2
6020. 2'1/2
6021. 6
6022. 1
6023. 5
6024. 1
6025. 3
6026. 2
6027. 1/2
6028. 0
6029. 3
6030. 3
6031. 0
6032. 0
6033. 1'1/2
6034. 3
6035. 0
6036. 3
6037. 3
6038. 4'1/2
6039. 4'1/2
6040. 1/2
6041. 1'1/2
6042. 2
6043. 1
6044. 3
6045. 1
6046. 1
6047. 0
6048. 4
6049. 1
6050. 4
6051. 0
6052. 3
6053. 1/2
6054. 4'1/2
6055. 0
6056. 0
6057. 7'1/2
6058. 1
6059. 2
6060. 7'1/2
6061. 5'1/2
6062. 0
6063. 1/2
6064. 1'1/2
6065. 8
6066. 3
6067. 3'1/2
6068. 1
6069. 3'1/2
6070. 1/2
6071. 4
6072. 4
6073. 2
6074. 2'1/2
6075. 2'1/2
6076. 4
6077. 3
6078. 2
6079. 4
6080. 3
6081. 0
6082. 1
6083. 1
6084. 2'1/2
6085. 1'1/2
6086. 2
6087. 1/2
6088. 5'1/2
6089. 0
6090. 2'1/2
6091. 0
6092. 1
6093. 4
6094. 1
6095. 6
6096. 0
6097. 2'1/2
6098. 3
6099. 0
6100. 4'1/2
6101. 2'1/2
6102. 3
6103. 0
6104. 2
6105. 1'1/2
6106. 4
6107. 3'1/2
6108. 1
6109. 6'1/2
6110. 2
6111. 1
6112. 0
6113. 2'1/2
6114. 2
6115. 1/2
6116. 6
6117. 1'1/2
6118. 5
6119. 1
6120. 1
6121. 0
6122. 7
6123. 3
6124. 1
6125. 3
6126. 4
6127. 2
6128. 6'1/2
6129. 1/2
6130. 3
6131. 2
6132. 3
6133. 1'1/2
6134. 1/2
6135. 6
6136. 7
6137. 0
6138. 3
6139. 1
6140. 2
6141. 1/2
6142. 3
6143. 7
6144. 2
6145. 1/2
6146. 3
6147. 2
6148. 4'1/2
6149. 6'1/2
6150. 2
6151. 3
6152. 4
6153. 4
6154. 2
6155. 3
6156. 5
6157. 1
6158. 0
6159. 4
6160. 2
6161. 0
6162. 5
6163. 8
6164. 4
6165. 1
6166. 2'1/2
6167. 2'1/2
6168. 4
6169. 1
6170. 1
6171. 5
6172. 5'1/2
6173. 4
6174. 1
6175. 4
6176. 2'1/2
6177. 0
6178. 4
6179. 4
6180. 2'1/2
6181. 0
6182. 4
6183. 5
6184. 0
6185. 2'1/2
6186. 2
6187. 0
6188. 1
6189. 1'1/2
6190. 0
6191. 1/2
6192. 4
6193. 2
6194. 3
6195. 3
6196. 2
6197. 4
6198. 2
6199. 6
6200. 3
6201. 4
6202. 1
6203. 3'1/2
6204. 0
6205. 1'1/2
6206. 1
6207. 4
6208. 0
6209. 2
6210. 7
6211. 0
6212. 0
6213. 4'1/2
6214. 0
6215. 3
6216. 2
6217. 1/2
6218. 0
6219. 2'1/2
6220. 1'1/2
6221. 1
6222. 0
6223. 6
6224. 1/2
6225. 2
6226. 8
6227. 1/2
6228. 1/4
6229. 0
6230. 2
6231. 1
6232. 2
6233. 2
6234. 3
6235. 1/2
6236. 1/2
6237. 6
6238. 1/2
6239. 2
6240. 0
6241. 1/2
6242. 1/2
6243. 1'1/2
6244. 4
6245. 2'1/2
6246. 2
6247. 1
6248. 6
6249. 4
6250. 2
6251. 1
6252. 1
6253. 1
6254. 1
6255. 1'1/2
6256. 1/2
6257. 3
6258. 0
6259. 5
6260. 2
6261. 4
6262. 1
6263. 0
6264. 3'1/2
6265. 5
6266. 3'1/2
6267. 1
6268. 1
6269. 3
6270. 4'1/2
6271. 5'1/2
6272. 0
6273. 3
6274. 1'1/2
6275. 2'1/2
6276. 1'1/2
6277. 6
6278. 0
6279. 0
6280. 4
6281. 3
6282. 1'1/2
6283. 0
6284. 4
6285. 1
6286. 4'1/2
6287. 1
6288. 2
6289. 3
6290. 2
6291. 2
6292. 1/2
6293. 0
6294. 2
6295. 3
6296. 2
6297. 2
6298. 1
6299. 2
6300. 3
6301. 2
6302. 2
6303. 3'1/2
6304. 0
6305. 3
6306. 0
6307. 5'1/2
6308. 4
6309. 3
6310. 1
6311. 2'1/2
6312. 1
6313. 4'1/2
6314. 3'1/2
6315. 0
6316. 2'1/2
6317. 3
6318. 1'1/2
6319. 4
6320. 1
6321. 2'1/2
6322. 2
6323. 1/2
6324. 0
6325. 3
6326. 1
6327. 5
6328. 2
6329. 4
6330. 3
6331. 1
6332. 2
6333. 4
6334. 0
6335. 8
6336. 4
6337. 0
6338. 7'1/2
6339. 2
6340. 1
6341. 1'1/2
6342. 1
6343. 3
6344. 3
6345. 0
6346. 2
6347. 2
6348. 2
6349. 2
6350. 1'1/2
6351. 2'1/2
6352. 5
6353. 3'1/2
6354. 1
6355. 3'1/2
6356. 1/2
6357. 6
6358. 4
6359. 0
6360. 2'1/2
6361. 2
6362. 4
6363. 0
6364. 0
6365. 2
6366. 3'1/2
6367. 1'1/3
6368. 5
6369. 0
6370. 2
6371. 2
6372. 1
6373. 5
6374. 1/2
6375. 1/2
6376. 1/2
6377. 2'1/2
6378. 5
6379. 3
6380. 1'1/2
6381. 0
6382. 1/2
6383. 5'1/2
6384. 3
6385. 5
6386. 1'1/2
6387. 4
6388. 3
6389. 3
6390. 0
6391. 3
6392. 2
6393. 3
6394. 0
6395. 6'1/2
6396. 2
6397. 1
6398. 4
6399. 5
6400. 3'1/2
6401. 4
6402. 3
6403. 5'1/2
6404. 1/2
6405. 3
6406. 1
6407. 1
6408. 1/2
6409. 2
6410. 2
6411. 1
6412. 0
6413. 1
6414. 7'1/2
6415. 1/2
6416. 0
6417. 0
6418. 1/3
6419. 5
6420. 2
6421. 3'1/2
6422. 1/2
6423. 0
6424. 5
6425. 4'1/2
6426. 0
6427. 1
6428. 4
6429. 3
6430. 1/2
6431. 3
6432. 0
6433. 1
6434. 1/2
6435. 1
6436. 5'1/2
6437. 1
6438. 0
6439. 6
6440. 1/2
6441. 1/2
6442. 3'1/2
6443. 3
6444. 3'1/2
6445. 2
6446. 1/2
6447. 0
6448. 4
6449. 1
6450. 1
6451. 1'1/2
6452. 0
6453. 3
6454. 5
6455. 4'1/2
6456. 1'1/2
6457. 2'1/2
6458. 2
6459. 0
6460. 2
6461. 3
6462. 1'1/2
6463. 2
6464. 3
6465. 2
6466. 2
6467. 1'1/2
6468. 1
6469. 1
6470. 0
6471. 4
6472. 2
6473. 3
6474. 1
6475. 3
6476. 1
6477. 3
6478. 2
6479. 2'1/2
6480. 4'1/2
6481. 4
6482. 1'1/2
6483. 2
6484. 4
6485. 6'1/2
6486. 2
6487. 4'1/2
6488. 0
6489. 2
6490. 1'1/2
6491. 1/2
6492. 4
6493. 0
6494. 0
6495. 2
6496. 1
6497. 3
6498. 2
6499. 1/2
6500. 2'1/2
6501. 0
6502. 1
6503. 7
6504. 1
6505. 4
6506. 4
6507. 3'1/2
6508. 0
6509. 1/2
6510. 7
6511. 1/2
6512. 6'1/2
6513. 1'1/2
6514. 1
6515. 1'3/4
6516. 0
6517. 1
6518. 3'1/2
6519. 4
6520. 4
6521. 4
6522. 2'1/2
6523. 0
6524. 4
6525. 1
6526. 0
6527. 3'1/2
6528. 1/2
6529. 0
6530. 4
6531. 1
6532. 0
6533. 4
6534. 1/2
6535. 1
6536. 1/2
6537. 1'1/2
6538. 7
6539. 0
6540. 3'1/2
6541. 2
6542. 4
6543. 2'1/2
6544. 0
6545. 0
6546. 0
6547. 2'1/2
6548. 2'1/2
6549. 1/2
6550. 2
6551. 4
6552. 5'1/2
6553. 1/2
6554. 2
6555. 0
6556. 1
6557. 2
6558. 2'1/2
6559. 4
6560. 1/2
6561. 0
6562. 0
6563. 2'1/2
6564. 2'1/2
6565. 1'1/2
6566. 0
6567. 7
6568. 7
6569. 2
6570. 1/2
6571. 5
6572. 3
6573. 2
6574. 2
6575. 1/2
6576. 1'1/2
6577. 5
6578. 4'1/2
6579. 5'1/2
6580. 3
6581. 1'1/2
6582. 1
6583. 2
6584. 1/2
6585. 1
6586. 1
6587. 1
6588. 4
6589. 3
6590. 3
6591. 2
6592. 4
6593. 1
6594. 2
6595. 5
6596. 1'1/2
6597. 2
6598. 5
6599. 6
6600. 4
6601. 1/4
6602. 1
6603. 1'1/2
6604. 1
6605. 1
6606. 3
6607. 0
6608. 5
6609. 0
6610. 3
6611. 3
6612. 2
6613. 0
6614. 1/2
6615. 1'1/2
6616. 2
6617. 1'1/2
6618. 2
6619. 3
6620. 0
6621. 2'1/2
6622. 0
6623. 1
6624. 8
6625. 0
6626. 0
6627. 3
6628. 3'1/2
6629. 8
6630. 0
6631. 1
6632. 0
6633. 0
6634. 0
6635. 2
6636. 4
6637. 5'1/2
6638. 0
6639. 1'1/2
6640. 1/2
6641. 4
6642. 1
6643. 0
6644. 1
6645. 2
6646. 0
6647. 4'1/2
6648. 0
6649. 1
6650. 2
6651. 1'1/2
6652. 0
6653. 2
6654. 0
6655. 1/2
6656. 0
6657. 2
6658. 1'1/2
6659. 4
6660. 0
6661. 3'1/2
6662. 3'1/2
6663. 0
6664. 0
6665. 2
6666. 2'1/2
6667. 2'1/2
6668. 7
6669. 2'1/2
6670. 1/2
6671. 4'1/2
6672. 4
6673. 0
6674. 0
6675. 4
6676. 3'1/2
6677. 5
6678. 4
6679. 0
6680. 1
6681. 2
6682. 4
6683. 4
6684. 2/4
6685. 6'1/2
6686. 1/2
6687. 2'1/2
6688. 2
6689. 3/4
6690. 0
6691. 3
6692. 2
6693. 0
6694. 1
6695. 5
6696. 0
6697. 1/2
6698. 6
6699. 0
6700. 0
6701. 8
6702. 1'1/2
6703. 2
6704. 5
6705. 1'1/2
6706. 5
6707. 5
6708. 4
6709. 3'1/2
6710. 4'1/2
6711. 1'1/2
6712. 5'1/2
6713. 6
6714. 3
6715. 3
6716. 1
6717. 0
6718. 5
6719. 4
6720. 3
6721. 0
6722. 2
6723. 0
6724. 1
6725. 0
6726. 0
6727. 16
6728. 2'1/2
6729. 0
6730. 4
6731. 0
6732. 1/2
6733. 4
6734. 2'1/2
6735. 1
6736. 1
6737. 2'1/2
6738. 3'1/2
6739. 6
6740. 3
6741. 0
6742. 3
6743. 3'1/2
6744. 1
6745. 0
6746. 1
6747. 1
6748. 2
6749. 1'1/2
6750. 0
6751. 2
6752. 4
6753. 4'1/2
6754. 3
6755. 4
6756. 1
6757. 4'1/2
6758. 6
6759. 7
6760. 4
6761. 6
6762. 1'1/2
6763. 4
6764. 1
6765. 3
6766. 4
6767. 1
6768. 2
6769. 5
6770. 6'1/2
6771. 2
6772. 2'1/2
6773. 6
6774. 2
6775. 0
6776. 0
6777. 2
6778. 3
6779. 2
6780. 0
6781. 0
6782. 3
6783. 2
6784. 0
6785. 1/2
6786. 0
6787. 8
6788. 4
6789. 3
6790. 2
6791. 2'1/2
6792. 1'1/2
6793. 2
6794. 4'1/2
6795. 0
6796. 5
6797. 1'1/2
6798. 0
6799. 0
6800. 0
6801. 1
6802. 6
6803. 2
6804. 4
6805. 2'1/2
6806. 1'1/2
6807. 5
6808. 1/2
6809. 2
6810. 1'1/2
6811. 1/2
6812. 3
6813. 3
6814. 2'1/2
6815. 1
6816. 2
6817. 0
6818. 2
6819. 0
6820. 5'1/2
6821. 0
6822. 3
6823. 1
6824. 5
6825. 1
6826. 2
6827. 1
6828. 0
6829. 5
6830. 3
6831. 5
6832. 0
6833. 2'1/2
6834. 3
6835. 3'1/2
6836. 4
6837. 3
6838. 1'1/2
6839. 0
6840. 3
6841. 1
6842. 2
6843. 2'1/2
6844. 1/2
6845. 1
6846. 1/2
6847. 2
6848. 1/2
6849. 4
6850. 2
6851. 8
6852. 0
6853. 4
6854. 0
6855. 4
6856. 1/2
6857. 3
6858. 1
6859. 1/2
6860. 1
6861. 0
6862. 0
6863. 2
6864. 2
6865. 0
6866. 3
6867. 1
6868. 0
6869. 2
6870. 4
6871. 0
6872. 2
6873. 2
6874. 3
6875. 2'1/2
6876. 3
6877. 1/2
6878. 4
6879. 1'1/2
6880. 1
6881. 3'1/2
6882. 1
6883. 1
6884. 0
6885. 5'1/2
6886. 1
6887. 4
6888. 3
6889. 4
6890. 2
6891. 3
6892. 2'1/2
6893. 2
6894. 1
6895. 4
6896. 1/2
6897. 3
6898. 9
6899. 0
6900. 3
6901. 5
6902. 3
6903. 1
6904. 6'1/2
6905. 3
6906. 2
6907. 0
6908. 0
6909. 0
6910. 1
6911. 1
6912. 1
6913. 1/2
6914. 1/2
6915. 1
6916. 7'1/2
6917. 2
6918. 2
6919. 1/2
6920. 0
6921. 3'1/2
6922. 4
6923. 3
6924. 0
6925. 1
6926. 3'1/2
6927. 2'1/2
6928. 2
6929. 7
6930. 1'1/2
6931. 1
6932. 1'1/2
6933. 0
6934. 1/2
6935. 0
6936. 2
6937. 1/2
6938. 3
6939. 1/2
6940. 1'1/2
6941. 0
6942. 4
6943. 0
6944. 0
6945. 2
6946. 1'1/2
6947. 0
6948. 0
6949. 2'1/2
6950. 2
6951. 4'1/2
6952. 2'1/2
6953. 3
6954. 1
6955. 1/2
6956. 3'1/2
6957. 1
6958. 2
6959. 1
6960. 4
6961. 3
6962. 3
6963. 4'1/2
6964. 5
6965. 5
6966. 6'1/2
6967. 4
6968. 4
6969. 2/3
6970. 1
6971. 1'1/2
6972. 6
6973. 2'1/2
6974. 2
6975. 5
6976. 5
6977. 0
6978. 3
6979. 4
6980. 3
6981. 1'1/2
6982. 4
6983. 5
6984. 1/2
6985. 0
6986. 4'1/2
6987. 1/2
6988. 1'1/2
6989. 1
6990. 4
6991. 4
6992. 6
6993. 3
6994. 5'1/2
6995. 1
6996. 2
6997. 2'1/2
6998. 0
6999. 2'1/2
7000. 2
7001. 1
7002. 2'1/2
7003. 8
7004. 2
7005. 0
7006. 3'1/2
7007. 3
7008. 4'1/2
7009. 3
7010. 1'1/2
7011. 5'1/2
7012. 1
7013. 1
7014. 3
7015. 3'1/2
7016. 2'1/2
7017. 5'1/2
7018. 2
7019. 2
7020. 0
7021. 1/2
7022. 0
7023. 0
7024. 2
7025. 4'1/2
7026. 1/2
7027. 0
7028. 0
7029. 8
7030. 1'1/2
7031. 2
7032. 3
7033. 1
7034. 4
7035. 5
7036. 1
7037. 1/2
7038. 1/2
7039. 1/2
7040. 3
7041. 1
7042. 5
7043. 2
7044. 2
7045. 3
7046. 1'1/2
7047. 0
7048. 2'1/2
7049. 1
7050. 1
7051. 0
7052. 0
7053. 1
7054. 4
7055. 0
7056. 6
7057. 2
7058. 3
7059. 1
7060. 1'1/2
7061. 0
7062. 4
7063. 2
7064. 0
7065. 1/4
7066. 5
7067. 6
7068. 1'1/2
7069. 0
7070. 3'1/2
7071. 3
7072. 1/2
7073. 5
7074. 2'1/2
7075. 8
7076. 5
7077. 0
7078. 3
7079. 2'1/2
7080. 6
7081. 5
7082. 5
7083. 6
7084. 0
7085. 1'1/2
7086. 1
7087. 3'1/2
7088. 2'1/2
7089. 0
7090. 3
7091. 2'1/2
7092. 0
7093. 1/2
7094. 3
7095. 1'1/2
7096. 6
7097. 2
7098. 2
7099. 4
7100. 0
7101. 7'1/2
7102. 1/2
7103. 1'1/2
7104. 5
7105. 5
7106. 2
7107. 1
7108. 2'1/2
7109. 4
7110. 3
7111. 1
7112. 1
7113. 1
7114. 4
7115. 0
7116. 3
7117. 1
7118. 1
7119. 3
7120. 1/2
7121. 2'1/2
7122. 0
7123. 2
7124. 1'1/2
7125. 2
7126. 2
7127. 1
7128. 0
7129. 4
7130. 5'1/2
7131. 5
7132. 3
7133. 1/2
7134. 1
7135. 4
7136. 3
7137. 1
7138. 4
7139. 3
7140. 1'1/2
7141. 1
7142. 4
7143. 3
7144. 1
7145. 1'1/2
7146. 2
7147. 6
7148. 2
7149. 3
7150. 5'1/2
7151. 2
7152. 5'1/2
7153. 0
7154. 3
7155. 0
7156. 3
7157. 2
7158. 1
7159. 2
7160. 1
7161. 0
7162. 0
7163. 7'1/2
7164. 3
7165. 2
7166. 1
7167. 5
7168. 0
7169. 4
7170. 6
7171. 5
7172. 1/2
7173. 3'1/2
7174. 2
7175. 0
7176. 3
7177. 0
7178. 3
7179. 3
7180. 3
7181. 1/2
7182. 3'1/2
7183. 0
7184. 2
7185. 3
7186. 1
7187. 1
7188. 1
7189. 3'1/2
7190. 5
7191. 2'1/2
7192. 3
7193. 4
7194. 2
7195. 4
7196. 1'1/2
7197. 7
7198. 1
7199. 1
7200. 0
7201. 6
7202. 7
7203. 8
7204. 2
7205. 3
7206. 6
7207. 4
7208. 3
7209. 1'1/2
7210. 2
7211. 4
7212. 4
7213. 0
7214. 4
7215. 1
7216. 0
7217. 0
7218. 5'1/2
7219. 0
7220. 1/2
7221. 2'1/2
7222. 1'1/2
7223. 1/2
7224. 4
7225. 0
7226. 5'1/2
7227. 2
7228. 1
7229. 0
7230. 2
7231. 5
7232. 1/2
7233. 0
7234. 3'1/2
7235. 1
7236. 2
7237. 2
7238. 1/2
7239. 1/2
7240. 4
7241. 1
7242. 0
7243. 0
7244. 3
7245. 5
7246. 1
7247. 5'1/2
7248. 0
7249. 6
7250. 1
7251. 5'1/2
7252. 0
7253. 0
7254. 2
7255. 6
7256. 1/2
7257. 3
7258. 1
7259. 0
7260. 1/2
7261. 0
7262. 5'1/2
7263. 2
7264. 1
7265. 2
7266. 5'1/2
7267. 3
7268. 3
7269. 1
7270. 7
7271. 3
7272. 1
7273. 7'1/2
7274. 0
7275. 2
7276. 1
7277. 5'1/2
7278. 4
7279. 2
7280. 2'1/2
7281. 2
7282. 6
7283. 3
7284. 0
7285. 3'1/2
7286. 5
7287. 1
7288. 4
7289. 1
7290. 1'1/2
7291. 1
7292. 1
7293. 2
7294. 5
7295. 1
7296. 1'1/3
7297. 1'1/2
7298. 0
7299. 3'1/2
7300. 4'1/2
7301. 1
7302. 0
7303. 5
7304. 0
7305. 3
7306. 1'1/2
7307. 2
7308. 5
7309. 3
7310. 0
7311. 2
7312. 2
7313. 1'1/2
7314. 2'1/2
7315. 0
7316. 3'1/2
7317. 4
7318. 0
7319. 2
7320. 5
7321. 1
7322. 1
7323. 5
7324. 5
7325. 3'1/2
7326. 1/2
7327. 1
7328. 0
7329. 1/2
7330. 1'1/2
7331. 3
7332. 3
7333. 1
7334. 3'1/2
7335. 7
7336. 4
7337. 3
7338. 2
7339. 5'1/2
7340. 3'1/2
7341. 8
7342. 6
7343. 5
7344. 1
7345. 6
7346. 4
7347. 1
7348. 3'1/2
7349. 2
7350. 7'1/2
7351. 5
7352. 1'1/2
7353. 6
7354. 5
7355. 3'1/2
7356. 5
7357. 2
7358. 1
7359. 0
7360. 7
7361. 0
7362. 1'1/2
7363. 1
7364. 0
7365. 5
7366. 8
7367. 1/2
7368. 1
7369. 4
7370. 4
7371. 4
7372. 3
7373. 1'1/2
7374. 1
7375. 0
7376. 1/2
7377. 5
7378. 1/2
7379. 1
7380. 0
7381. 6'1/2
7382. 2'1/2
7383. 0
7384. 6
7385. 2
7386. 2
7387. 0
7388. 1
7389. 1
7390. 4'1/2
7391. 5
7392. 1
7393. 5
7394. 2
7395. 3
7396. 0
7397. 1
7398. 2
7399. 8
7400. 2
7401. 0
7402. 2
7403. 1
7404. 3
7405. 2
7406. 4
7407. 7
7408. 5'1/2
7409. 1
7410. 5
7411. 2'1/2
7412. 2'1/2
7413. 4'1/2
7414. 5
7415. 2'1/2
7416. 1'1/2
7417. 3
7418. 2
7419. 0
7420. 2'1/2
7421. 0
7422. 1
7423. 2
7424. 3
7425. 0
7426. 0
7427. 0
7428. 1'1/2
7429. 3'1/2
7430. 2
7431. 3
7432. 5
7433. 2
7434. 3
7435. 2'1/2
7436. 0
7437. 7
7438. 3
7439. 4
7440. 5
7441. 3
7442. 2
7443. 3'1/2
7444. 4
7445. 0
7446. 2
7447. 2
7448. 4
7449. 2
7450. 1
7451. 0
7452. 0
7453. 4
7454. 1'1/2
7455. 5
7456. 2
7457. 2
7458. 1
7459. 2
7460. 1'1/2
7461. 0
7462. 2
7463. 2
7464. 4
7465. 1/2
7466. 1/2
7467. 4
7468. 3
7469. 4
7470. 4
7471. 2
7472. 4
7473. 4
7474. 6
7475. 8'1/2
7476. 2'1/2
7477. 0
7478. 1'1/2
7479. 0
7480. 2
7481. 3
7482. 4
7483. 0
7484. 0
7485. 5
7486. 4'1/2
7487. 2
7488. 3
7489. 2
7490. 7
7491. 5
7492. 1
7493. 6
7494. 4
7495. 2
7496. 3
7497. 1
7498. 0
7499. 1
7500. 3
7501. 4'1/2
7502. 6
7503. 0
7504. 4
7505. 1
7506. 2
7507. 3
7508. 2
7509. 5
7510. 4
7511. 3
7512. 2
7513. 2'1/2
7514. 4
7515. 4
7516. 4'1/2
7517. 1
7518. 2
7519. 3
7520. 2'1/2
7521. 2'1/2
7522. 5
7523. 2
7524. 0
7525. 0
7526. 2'1/2
7527. 4
7528. 1'1/2
7529. 1/2
7530. 2
7531. 3
7532. 2
7533. 1
7534. 1/2
7535. 2
7536. 2'1/2
7537. 2
7538. 1
7539. 3
7540. 1
7541. 3
7542. 2'1/2
7543. 4
7544. 2
7545. 1
7546. 3'1/2
7547. 1
7548. 0
7549. 3
7550. 5
7551. 1/2
7552. 5
7553. 1'1/2
7554. 2
7555. 0
7556. 2
7557. 3
7558. 5
7559. 3'1/2
7560. 1'1/2
7561. 0
7562. 3
7563. 3
7564. 0
7565. 1/2
7566. 3
7567. 2
7568. 0
7569. 4
7570. 1
7571. 1'1/2
7572. 0
7573. 3
7574. 3
7575. 2'1/2
7576. 3'1/2
7577. 1
7578. 2
7579. 4
7580. 4'1/2
7581. 3
7582. 1
7583. 2'1/2
7584. 4
7585. 0
7586. 4
7587. 3
7588. 3
7589. 1
7590. 2
7591. 0
7592. 6'1/2
7593. 2'1/2
7594. 2'1/2
7595. 4
7596. 1'1/2
7597. 3'1/2
7598. 4'1/2
7599. 5'1/2
7600. 1
7601. 1
7602. 5'1/2
7603. 0
7604. 2'1/2
7605. 3
7606. 2
7607. 3
7608. 5
7609. 2
7610. 5
7611. 1
7612. 3
7613. 0
7614. 3
7615. 4
7616. 2'1/2
7617. 1
7618. 4'1/2
7619. 6'1/2
7620. 1
7621. 7'1/2
7622. 4'1/2
7623. 1'1/2
7624. 3
7625. 2
7626. 2'1/2
7627. 1
7628. 2
7629. 6
7630. 1
7631. 3'1/2
7632. 1
7633. 2
7634. 4'1/2
7635. 1
7636. 3
7637. 4
7638. 4
7639. 5'1/2
7640. 0
7641. 0
7642. 4
7643. 1/2
7644. 0
7645. 2'1/2
7646. 8'1/2
7647. 1'1/2
7648. 1/2
7649. 1
7650. 1'1/2
7651. 1
7652. 3'1/2
7653. 3'1/2
7654. 5
7655. 3
7656. 1/2
7657. 0
7658. 3
7659. 6
7660. 0
7661. 5
7662. 1'1/2
7663. 2
7664. 1/2
7665. 1
7666. 3
7667. 4
7668. 6
7669. 1
7670. 1
7671. 0
7672. 3
7673. 4'1/2
7674. 4
7675. 2
7676. 1
7677. 2'1/2
7678. 3
7679. 6'1/2
7680. 2'1/2
7681. 3
7682. 3'1/2
7683. 1
7684. 3
7685. 1'1/2
7686. 3
7687. 0
7688. 0
7689. 3'1/2
7690. 2
7691. 1
7692. 4'1/2
7693. 3'1/2
7694. 5
7695. 2
7696. 7'1/2
7697. 5'1/2
7698. 4
7699. 2
7700. 0
7701. 1/2
7702. 1
7703. 4
7704. 2
7705. 2
7706. 2
7707. 4'1/2
7708. 3
7709. 0
7710. 4
7711. 1/2
7712. 2
7713. 5
7714. 4
7715. 3
7716. 0
7717. 4'1/2
7718. 0
7719. 3
7720. 1
7721. 3
7722. 3'1/2
7723. 0
7724. 6
7725. 3
7726. 0
7727. 1
7728. 3
7729. 1/2
7730. 2'1/2
7731. 2
7732. 2
7733. 3
7734. 0
7735. 2
7736. 2'1/2
7737. 1
7738. 2
7739. 6
7740. 0
7741. 2
7742. 9
7743. 0
7744. 3
7745. 1
7746. 2
7747. 3
7748. 0
7749. 1
7750. 1'1/2
7751. 4'1/2
7752. 2
7753. 8'1/2
7754. 1
7755. 2
7756. 0
7757. 3
7758. 0
7759. 2
7760. 4
7761. 4'1/2
7762. 2
7763. 4
7764. 4
7765. 4
7766. 0
7767. 1'1/2
7768. 1
7769. 3'1/2
7770. 1
7771. 4
7772. 4
7773. 1
7774. 3
7775. 0
7776. 1
7777. 5
7778. 3
7779. 2
7780. 1
7781. 1
7782. 1
7783. 3
7784. 1
7785. 2
7786. 5
7787. 4
7788. 3'1/2
7789. 4
7790. 1
7791. 4
7792. 4
7793. 1'1/2
7794. 2'1/2
7795. 1
7796. 2
7797. 8'1/2
7798. 5
7799. 7'1/2
7800. 1
7801. 1'1/2
7802. 1'1/2
7803. 2
7804. 2
7805. 3
7806. 1'1/2
7807. 1
7808. 5
7809. 2
7810. 0
7811. 1'1/2
7812. 3'1/2
7813. 4
7814. 5
7815. 4
7816. 5
7817. 0
7818. 1/2
7819. 3
7820. 3
7821. 0
7822. 4
7823. 2'1/2
7824. 4
7825. 0
7826. 4'1/2
7827. 1'1/2
7828. 3
7829. 5'1/2
7830. 3
7831. 1
7832. 1
7833. 2
7834. 0
7835. 3
7836. 2
7837. 3
7838. 0
7839. 2'1/2
7840. 5
7841. 7
7842. 2'1/2
7843. 4
7844. 1'1/2
7845. 0
7846. 3'1/2
7847. 3
7848. 1'1/2
7849. 3'1/2
7850. 2
7851. 3
7852. 1'1/2
7853. 2
7854. 3'1/2
7855. 2'1/2
7856. 1'1/2
7857. 3
7858. 0
7859. 4
7860. 2
7861. 5
7862. 1/2
7863. 7
7864. 4
7865. 3'1/2
7866. 5
7867. 2
7868. 2
7869. 5
7870. 2
7871. 4
7872. 4
7873. 1
7874. 2
7875. 1/2
7876. 2
7877. 3
7878. 3'1/2
7879. 5
7880. 1
7881. 2
7882. 1
7883. 0
7884. 0
7885. 1/2
7886. 7
7887. 1'1/2
7888. 9'1/2
7889. 2'1/2
7890. 5
7891. 1
7892. 2
7893. 1'1/2
7894. 1
7895. 0
7896. 3
7897. 4
7898. 1
7899. 4
7900. 2
7901. 3'1/2
7902. 1
7903. 1/2
7904. 0
7905. 1
7906. 3
7907. 1/2
7908. 3
7909. 3
7910. 2
7911. 1
7912. 2
7913. 1
7914. 0
7915. 4'1/2
7916. 2
7917. 2
7918. 4
7919. 3'1/2
7920. 6
7921. 0
7922. 1/2
7923. 2
7924. 4
7925. 7'1/2
7926. 2'1/2
7927. 1/2
7928. 1
7929. 0
7930. 5
7931. 2
7932. 3
7933. 7
7934. 1
7935. 2
7936. 7'1/2
7937. 3'1/2
7938. 0
7939. 3
7940. 7
7941. 3
7942. 2
7943. 1'1/2
7944. 4
7945. 2
7946. 4
7947. 2
7948. 1/2
7949. 4
7950. 4
7951. 1/2
7952. 0
7953. 7'1/2
7954. 4
7955. 0
7956. 4
7957. 2
7958. 2
7959. 5
7960. 2'1/2
7961. 6
7962. 1
7963. 4
7964. 5
7965. 1'1/2
7966. 5'1/2
7967. 4'1/2
7968. 1/2
7969. 3
7970. 2'1/2
7971. 1/2
7972. 3
7973. 5
7974. 6'1/2
7975. 4
7976. 2
7977. 1
7978. 2
7979. 1
7980. 0
7981. 1
7982. 3
7983. 2
7984. 2
7985. 2'1/2
7986. 1'1/2
7987. 1
7988. 1/2
7989. 3
7990. 1
7991. 0
7992. 4
7993. 0
7994. 6
7995. 3
7996. 3
7997. 1'1/2
7998. 0
7999. 2
8000. 1
8001. 3
8002. 4
8003. 5
8004. 0
8005. 0
8006. 2
8007. 0
8008. 3
8009. 1/2
8010. 6
8011. 2'1/2
8012. 2
8013. 2
8014. 2
8015. 2'1/2
8016. 4
8017. 1
8018. 5
8019. 5
8020. 3
8021. 0
8022. 0
8023. 9
8024. 2'1/2
8025. 0
8026. 1/2
8027. 1
8028. 0
8029. 5'1/2
8030. 2'1/2
8031. 0
8032. 1
8033. 2
8034. 2'1/2
8035. 3'1/2
8036. 3'1/2
8037. 2
8038. 7
8039. 1
8040. 3
8041. 2
8042. 1/2
8043. 4'1/2
8044. 3'1/2
8045. 2
8046. 0
8047. 1
8048. 5
8049. 1'1/2
8050. 3
8051. 3
8052. 3
8053. 2
8054. 3
8055. 4'1/2
8056. 4'1/2
8057. 0
8058. 7
8059. 4
8060. 2
8061. 1
8062. 2
8063. 4
8064. 6
8065. 5
8066. 2
8067. 3'1/2
8068. 2
8069. 3
8070. 4'1/2
8071. 2
8072. 4
8073. 4'1/2
8074. 2
8075. 7
8076. 1
8077. 2
8078. 4
8079. 1/2
8080. 4'1/2
8081. 3
8082. 1/2
8083. 2'1/2
8084. 0
8085. 0
8086. 1
8087. 2
8088. 3
8089. 4
8090. 4
8091. 4
8092. 1/2
8093. 2
8094. 3
8095. 4
8096. 5'1/2
8097. 4
8098. 2
8099. 2
8100. 3
8101. 1'1/2
8102. 0
8103. 5
8104. 4
8105. 1
8106. 2
8107. 1/2
8108. 4
8109. 3
8110. 3
8111. 1'1/2
8112. 1
8113. 3
8114. 1/2
8115. 1/2
8116. 3
8117. 2
8118. 5
8119. 5'1/2
8120. 1'1/2
8121. 2
8122. 1
8123. 1/2
8124. 1
8125. 1'1/2
8126. 5
8127. 1
8128. 4
8129. 3
8130. 6
8131. 7
8132. 5
8133. 2
8134. 1
8135. 1
8136. 2
8137. 3
8138. 1
8139. 5'1/2
8140. 3'1/2
8141. 1
8142. 4
8143. 2'1/2
8144. 0
8145. 3
8146. 1
8147. 0
8148. 2
8149. 4
8150. 2
8151. 0
8152. 0
8153. 2
8154. 3
8155. 5
8156. 3'1/2
8157. 3
8158. 6
8159. 1'1/2
8160. 2
8161. 2
8162. 7
8163. 3
8164. 3
8165. 1
8166. 0
8167. 2'1/2
8168. 2
8169. 1
8170. 1
8171. 1
8172. 2'1/2
8173. 2
8174. 2
8175. 1'1/2
8176. 6
8177. 5
8178. 5
8179. 4
8180. 1
8181. 5
8182. 1'1/2
8183. 1
8184. 1
8185. 1
8186. 2
8187. 3
8188. 1
8189. 2'1/2
8190. 5
8191. 2
8192. 2
8193. 2
8194. 3
8195. 9
8196. 0
8197. 2'1/2
8198. 3
8199. 4'1/2
8200. 4
8201. 1/2
8202. 4'1/2
8203. 6'1/2
8204. 3
8205. 7'1/2
8206. 2
8207. 1/2
8208. 6'1/2
8209. 8'1/2
8210. 2
8211. 0
8212. 4
8213. 0
8214. 0
8215. 3'1/2
8216. 1
8217. 2
8218. 1
8219. 3
8220. 2'1/2
8221. 2
8222. 1
8223. 1'1/2
8224. 1
8225. 4
8226. 1
8227. 4
8228. 4
8229. 7
8230. 1
8231. 2'1/2
8232. 2
8233. 1/2
8234. 16
8235. 2
8236. 3
8237. 0
8238. 0
8239. 4'1/2
8240. 0
8241. 1'1/2
8242. 4'1/2
8243. 4
8244. 2'1/2
8245. 1
8246. 3
8247. 3
8248. 1'1/2
8249. 1/2
8250. 1
8251. 0
8252. 3'1/2
8253. 3
8254. 0
8255. 1/2
8256. 2'1/2
8257. 0
8258. 3
8259. 6
8260. 1/2
8261. 3
8262. 3
8263. 1
8264. 3
8265. 6'1/2
8266. 1'1/2
8267. 3'1/2
8268. 1/2
8269. 1/2
8270. 1'1/2
8271. 2
8272. 1
8273. 5'1/2
8274. 1'1/2
8275. 3
8276. 1
8277. 2
8278. 1
8279. 1'1/2
8280. 1/2
8281. 2'1/2
8282. 1'1/2
8283. 2'1/2
8284. 5
8285. 4
8286. 1
8287. 3
8288. 1
8289. 4
8290. 1
8291. 2'1/2
8292. 3
8293. 1
8294. 2'1/2
8295. 1
8296. 1
8297. 1
8298. 3
8299. 0
8300. 7'1/2
8301. 2'1/2
8302. 1
8303. 3
8304. 0
8305. 3
8306. 2
8307. 4
8308. 0
8309. 2
8310. 0
8311. 7'1/2
8312. 6'1/2
8313. 6
8314. 2
8315. 0
8316. 8'1/2
8317. 3'1/2
8318. 1'1/2
8319. 4
8320. 2'1/2
8321. 5'1/2
8322. 1/2
8323. 2
8324. 5
8325. 2
8326. 3
8327. 2
8328. 3
8329. 4
8330. 1
8331. 4
8332. 1
8333. 0
8334. 1
8335. 4'1/2
8336. 7
8337. 4
8338. 3
8339. 3
8340. 1
8341. 6
8342. 3
8343. 2
8344. 6'1/2
8345. 5'1/2
8346. 3
8347. 0
8348. 4
8349. 2
8350. 1'1/2
8351. 4'1/2
8352. 4
8353. 6
8354. 2
8355. 2
8356. 3
8357. 1
8358. 1'1/2
8359. 4
8360. 3
8361. 0
8362. 0
8363. 1/2
8364. 3'1/2
8365. 2
8366. 2
8367. 1'1/2
8368. 2
8369. 2'1/2
8370. 2
8371. 1'1/2
8372. 1
8373. 1
8374. 1/2
8375. 0
8376. 3
8377. 3
8378. 6'1/2
8379. 2
8380. 0
8381. 4'1/2
8382. 4
8383. 6
8384. 1/2
8385. 3'1/2
8386. 1
8387. 2
8388. 3
8389. 5
8390. 5'1/2
8391. 5'1/2
8392. 1
8393. 1'1/2
8394. 3
8395. 2'1/2
8396. 1'1/2
8397. 3'1/2
8398. 1
8399. 2'1/2
8400. 3
8401. 4'1/2
8402. 4
8403. 3'1/2
8404. 7
8405. 1'1/2
8406. 3
8407. 2
8408. 5
8409. 0
8410. 4'1/2
8411. 5'1/2
8412. 3
8413. 3
8414. 1/2
8415. 4
8416. 5
8417. 2
8418. 5'1/2
8419. 0
8420. 3'1/2
8421. 7'1/2
8422. 1'1/2
8423. 5
8424. 1/2
8425. 2
8426. 0
8427. 6
8428. 2'1/2
8429. 2
8430. 3'1/2
8431. 7'1/2
8432. 1/2
8433. 4
8434. 1
8435. 1/2
8436. 0
8437. 1
8438. 1
8439. 3'1/2
8440. 3'1/2
8441. 4
8442. 3
8443. 1
8444. 5
8445. 3'1/2
8446. 4'1/2
8447. 3'1/2
8448. 8'1/2
8449. 0
8450. 2'1/2
8451. 2
8452. 6'1/2
8453. 3
8454. 2'1/2
8455. 3'1/2
8456. 1'1/2
8457. 6
8458. 6'1/2
8459. 2'1/2
8460. 7'1/2
8461. 1
8462. 2
8463. 1/2
8464. 3
8465. 3
8466. 1'1/2
8467. 2
8468. 4'1/2
8469. 0
8470. 1
8471. 2
8472. 3'1/2
8473. 1
8474. 4
8475. 1
8476. 4
8477. 2
8478. 1'1/2
8479. 3
8480. 7'1/2
8481. 6
8482. 2'1/2
8483. 2'1/2
8484. 1/2
8485. 2
8486. 0
8487. 0
8488. 1
8489. 4'1/2
8490. 2
8491. 7
8492. 4
8493. 4
8494. 2'1/2
8495. 5'1/2
8496. 4
8497. 3
8498. 0
8499. 4
8500. 2
8501. 3'1/2
8502. 4
8503. 2
8504. 2
8505. 3'1/2
8506. 6'1/2
8507. 4'1/2
8508. 2
8509. 3'1/2
8510. 5'1/2
8511. 2'1/2
8512. 1/2
8513. 2'1/2
8514. 1/2
8515. 0
8516. 3'1/2
8517. 1
8518. 4
8519. 5
8520. 1
8521. 5
8522. 0
8523. 6'1/2
8524. 2
8525. 2
8526. 2
8527. 2
8528. 0
8529. 1
8530. 6'1/2
8531. 5'1/2
8532. 1
8533. 5
8534. 5
8535. 2
8536. 3
8537. 7'1/2
8538. 0
8539. 2'1/2
8540. 3'1/2
8541. 1
8542. 1
8543. 1
8544. 1'1/2
8545. 0
8546. 4'1/2
8547. 0
8548. 3
8549. 4
8550. 3'1/2
8551. 1/2
8552. 1'1/2
8553. 2'1/2
8554. 1'1/2
8555. 3'1/2
8556. 4
8557. 3'1/2
8558. 6'1/2
8559. 2
8560. 6'1/2
8561. 3
8562. 0
8563. 2'1/2
8564. 1
8565. 2
8566. 1'1/2
8567. 4'1/2
8568. 5
8569. 0
8570. 1'1/2
8571. 1/2
8572. 1
8573. 2'1/2
8574. 3
8575. 2'1/2
8576. 1'1/2
8577. 3
8578. 0
8579. 3
8580. 3'1/2
8581. 7
8582. 4
8583. 0
8584. 4
8585. 1/2
8586. 3
8587. 2
8588. 0
8589. 1'1/2
8590. 2'1/2
8591. 0
8592. 4
8593. 1'1/2
8594. 1
8595. 1
8596. 0
8597. 3
8598. 1/2
8599. 0
8600. 3
8601. 4'1/2
8602. 1'1/2
8603. 1
8604. 4
8605. 0
8606. 5'1/2
8607. 2
8608. 4
8609. 4
8610. 5
8611. 1
8612. 2'1/2
8613. 5
8614. 0
8615. 5
8616. 2
8617. 3'1/2
8618. 0
8619. 1
8620. 3
8621. 5'1/2
8622. 2
8623. 3'1/2
8624. 4
8625. 2'1/2
8626. 0
8627. 4
8628. 6
8629. 1'1/2
8630. 6'1/2
8631. 3
8632. 2'1/2
8633. 1
8634. 2'1/2
8635. 1
8636. 0
8637. 3
8638. 1'1/2
8639. 2'1/2
8640. 4'1/2
8641. 1/2
8642. 2
8643. 1'1/2
8644. 2'1/2
8645. 3'1/2
8646. 5'1/2
8647. 1
8648. 4'1/2
8649. 1
8650. 5
8651. 1
8652. 7'1/2
8653. 4
8654. 1'1/2
8655. 0
8656. 1/2
8657. 0
8658. 5
8659. 3
8660. 4'1/2
8661. 1/2
8662. 7
8663. 0
8664. 5'1/2
8665. 3
8666. 1/2
8667. 4
8668. 1'1/2
8669. 1/2
8670. 5'1/2
8671. 5
8672. 0
8673. 2'1/2
8674. 1
8675. 1'1/2
8676. 3
8677. 6'1/2
8678. 1
8679. 5
8680. 5'1/2
8681. 3'1/2
8682. 2'1/2
8683. 0
8684. 3'1/2
8685. 1
8686. 5'1/2
8687. 1'1/2
8688. 1'1/2
8689. 2
8690. 3'1/2
8691. 5
8692. 1
8693. 4
8694. 1'1/2
8695. 2
8696. 3'1/2
8697. 3
8698. 2
8699. 2
8700. 1
8701. 4
8702. 3'1/2
8703. 1'1/2
8704. 3
8705. 2
8706. 2'1/2
8707. 1/2
8708. 0
8709. 3'1/2
8710. 1
8711. 1
8712. 1
8713. 1'1/2
8714. 0
8715. 0
8716. 5'1/2
8717. 2'1/2
8718. 8'1/2
8719. 4
8720. 3'1/2
8721. 0
8722. 3
8723. 1/2
8724. 3'1/2
8725. 3
8726. 2'1/2
8727. 2
8728. 1/2
8729. 3'1/2
8730. 4
8731. 1/2
8732. 4
8733. 2
8734. 4
8735. 2'1/2
8736. 2'1/2
8737. 1
8738. 0
8739. 5'1/2
8740. 3'1/2
8741. 1'1/2
8742. 3
8743. 4
8744. 2'1/2
8745. 1
8746. 1
8747. 3
8748. 2
8749. 1/2
8750. 7'1/2
8751. 1
8752. 0
8753. 1
8754. 1'1/2
8755. 1'1/2
8756. 2'1/2
8757. 3
8758. 3
8759. 2
8760. 2'1/2
8761. 5
8762. 0
8763. 1'1/2
8764. 3
8765. 1'1/2
8766. 0
8767. 2'1/2
8768. 1
8769. 1
8770. 2'1/2
8771. 4
8772. 3
8773. 3'1/2
8774. 3
8775. 1
8776. 4
8777. 4
8778. 1/2
8779. 5
8780. 1'1/2
8781. 4'1/2
8782. 3'1/2
8783. 2
8784. 1/2
8785. 1
8786. 4
8787. 2
8788. 4'1/2
8789. 2'1/2
8790. 1
8791. 1
8792. 0
8793. 2
8794. 3'1/2
8795. 1/2
8796. 1'1/2
8797. 2
8798. 6'1/2
8799. 3
8800. 2
8801. 3'1/2
8802. 1
8803. 6'1/2
8804. 2
8805. 3'1/2
8806. 1/2
8807. 2'1/2
8808. 0
8809. 1
8810. 0
8811. 4'1/2
8812. 3
8813. 4
8814. 0
8815. 7'1/2
8816. 3'1/2
8817. 2'1/2
8818. 2'1/2
8819. 5'1/2
8820. 3'1/2
8821. 6
8822. 1'1/2
8823. 3'1/2
8824. 3
8825. 0
8826. 3
8827. 2
8828. 2
8829. 3
8830. 6'1/2
8831. 1'1/2
8832. 0
8833. 7'1/2
8834. 1
8835. 2'1/2
8836. 2
8837. 4'1/2
8838. 4
8839. 1/2
8840. 3
8841. 4'1/2
8842. 3'1/2
8843. 2'1/2
8844. 3
8845. 4
8846. 5'1/2
8847. 2'1/2
8848. 3'1/2
8849. 1
8850. 3
8851. 1'1/2
8852. 2'1/2
8853. 0
8854. 3'1/2
8855. 1
8856. 3'1/2
8857. 2
8858. 3
8859. 3'1/2
8860. 3'1/2
8861. 0
8862. 1/2
8863. 1'1/2
8864. 3
8865. 3'1/2
8866. 3'1/2
8867. 1
8868. 1/2
8869. 1/2
8870. 5
8871. 2
8872. 5'1/2
8873. 6'1/2
8874. 5
8875. 1'1/2
8876. 2'1/2
8877. 0
8878. 2
8879. 1
8880. 1/2
8881. 7
8882. 4'1/2
8883. 1/2
8884. 1/2
8885. 4'1/2
8886. 2
8887. 2
8888. 6
8889. 2'1/2
8890. 0
8891. 0
8892. 1'1/2
8893. 1
8894. 5
8895. 6'1/2
8896. 2'1/2
8897. 2'1/2
8898. 6'1/2
8899. 0
8900. 3
8901. 1'1/2
8902. 3'1/2
8903. 1
8904. 3
8905. 1/2
8906. 4'1/2
8907. 0
8908. 6
8909. 4'1/2
8910. 2'1/2
8911. 2'1/2
8912. 1'1/2
8913. 0
8914. 4'1/2
8915. 6'1/2
8916. 3'1/2
8917. 3'1/2
8918. 0
8919. 1/2
8920. 5
8921. 7
8922. 3
8923. 1'1/2
8924. 2
8925. 2
8926. 2'1/2
8927. 2'1/2
8928. 1/2
8929. 2
8930. 1/2
8931. 3'1/2
8932. 7'1/2
8933. 3
8934. 2
8935. 5'1/2
8936. 2
8937. 1
8938. 1/2
8939. 2
8940. 1'1/2
8941. 5
8942. 3'1/2
8943. 1/2
8944. 1'1/2
8945. 4
8946. 4'1/2
8947. 2
8948. 2'1/2
8949. 0
8950. 1
8951. 4'1/2
8952. 1'1/2
8953. 3'1/2
8954. 4'1/2
8955. 1'1/2
8956. 0
8957. 2
8958. 3'1/2
8959. 3'1/2
8960. 3'1/2
8961. 1/2
8962. 1
8963. 1'1/2
8964. 0
8965. 1
8966. 3'1/2
8967. 1'1/2
8968. 0
8969. 4'1/2
8970. 0
8971. 3
8972. 3'1/2
8973. 4'1/2
8974. 4'1/2
8975. 1/2
8976. 3'1/2
8977. 2
8978. 3
8979. 4'1/2
8980. 1/2
8981. 1'1/2
8982. 1
8983. 1
8984. 0
8985. 5'1/2
8986. 6
8987. 5'1/2
8988. 1
8989. 2
8990. 0
8991. 3
8992. 2'1/2
8993. 8'1/2
8994. 0
8995. 3
8996. 4'1/2
8997. 2'1/2
8998. 1
8999. 3'1/2
9000. 3'1/2
9001. 4'1/2
9002. 3
9003. 1
9004. 1/2
9005. 3'1/2
9006. 1'1/2
9007. 1'1/2
9008. 1'1/2
9009. 3
9010. 0
9011. 2'1/2
9012. 1'1/2
9013. 1
9014. 3
9015. 4
9016. 3'1/2
9017. 1'1/2
9018. 2
9019. 1'1/2
9020. 3
9021. 1/2
9022. 1'1/2
9023. 0
9024. 1'1/2
9025. 2
9026. 3'1/2
9027. 1'1/2
9028. 2'1/2
9029. 1'1/2
9030. 1
9031. 1'1/2
9032. 2
9033. 2'1/2
9034. 2'1/2
9035. 2
9036. 3
9037. 3'1/2
9038. 6
9039. 1'1/2
9040. 2
9041. 3'1/2
9042. 3'1/2
9043. 1'1/2
9044. 6'1/2
9045. 4
9046. 1
9047. 2
9048. 0
9049. 1/2
9050. 2
9051. 1/2
9052. 1/2
9053. 1
9054. 1/2
9055. 1'1/2
9056. 2'1/2
9057. 1
9058. 1'1/2
9059. 4
9060. 1'1/2
9061. 4
9062. 1'1/2
9063. 1
9064. 2'1/2
9065. 1
9066. 4'1/2
9067. 7'1/2
9068. 4
9069. 1
9070. 5'1/2
9071. 1'1/2
9072. 1
9073. 1
9074. 1
9075. 4
9076. 1/2
9077. 3'1/2
9078. 3'1/2
9079. 4
9080. 3'1/2
9081. 2
9082. 2
9083. 1'1/2
9084. 1/2
9085. 5
9086. 1'1/2
9087. 1
9088. 2
9089. 3'1/2
9090. 3
9091. 4'1/2
9092. 5
9093. 3'1/2
9094. 2'1/2
9095. 3
9096. 2
9097. 4'1/2
9098. 1/2
9099. 5
9100. 0
9101. 4'1/2
9102. 0
9103. 5
9104. 3'1/2
9105. 3'1/2
9106. 1'1/2
9107. 1'1/2
9108. 4'1/2
9109. 2'1/2
9110. 1/2
9111. 4'1/2
9112. 4'1/2
9113. 4
9114. 3'1/2
9115. 2
9116. 2'1/2
9117. 3'1/2
9118. 0
9119. 2'1/2
9120. 5
9121. 2
9122. 5
9123. 6'1/2
9124. 5
9125. 1'1/2
9126. 1'1/2
9127. 1'1/2
9128. 1'1/2
9129. 1
9130. 2'1/2
9131. 0
9132. 4
9133. 3'1/2
9134. 3
9135. 1/2
9136. 1'1/2
9137. 4'1/2
9138. 1/2
9139. 2
9140. 0
9141. 2'1/2
9142. 3
9143. 5'1/2
9144. 2
9145. 7'1/2
9146. 1'1/2
9147. 1'1/2
9148. 6'1/2
9149. 3'1/2
9150. 4'1/2
9151. 4'1/2
9152. 3
9153. 1
9154. 4'1/2
9155. 2'1/2
9156. 3'1/2
9157. 1/2
9158. 2
9159. 5
9160. 1/2
9161. 4'1/2
9162. 2'1/2
9163. 3'1/2
9164. 5
9165. 4
9166. 1
9167. 3'1/2
9168. 3
9169. 5'1/2
9170. 3
9171. 4'1/2
9172. 1/2
9173. 5'1/2
9174. 1
9175. 2'1/2
9176. 3
9177. 5'1/2
9178. 1'1/2
9179. 4'1/2
9180. 3
9181. 3'1/2
9182. 4'1/2
9183. 2'1/2
9184. 0
9185. 1/2
9186. 1
9187. 3'1/2
9188. 3
9189. 1
9190. 4'1/2
9191. 2
9192. 3'1/2
9193. 1/2
9194. 2
9195. 3'1/2
9196. 3
9197. 6'1/2
9198. 1/2
9199. 1'1/2
9200. 3'1/2
9201. 1/2
9202. 2'1/2
9203. 4'1/2
9204. 1
9205. 2
9206. 1'1/2
9207. 4
9208. 4'1/2
9209. 1/2
9210. 1'1/2
9211. 6'1/2
9212. 2'1/2
9213. 1
9214. 2'1/2
9215. 3
9216. 4
9217. 3'1/2
9218. 3'1/2
9219. 4'1/2
9220. 0
9221. 2'1/2
9222. 3'1/2
9223. 1'1/2
9224. 4'1/2
9225. 4
9226. 1'1/2
9227. 4'1/2
9228. 1/2
9229. 3'1/2
9230. 1/2
9231. 0
9232. 2'1/2
9233. 1'1/2
9234. 3
9235. 5'1/2
9236. 4'1/2
9237. 1'1/2
9238. 5'1/2
9239. 2
9240. 1/2
9241. 1'1/2
9242. 6'1/2
9243. 4'1/2
9244. 5
9245. 2'1/2
9246. 1'1/2
9247. 2'1/2
9248. 3'1/2
9249. 1/2
9250. 1/2
9251. 4'1/2
9252. 1/2
9253. 5'1/2
9254. 1/2
9255. 3'1/2
9256. 3'1/2
9257. 1/2
9258. 1'1/2
9259. 3'1/2
9260. 3'1/2
9261. 2
9262. 1/2
9263. 5
9264. 1
9265. 3'1/2
9266. 2'1/2
9267. 2'1/2
9268. 4
9269. 3
9270. 1'1/2
9271. 1
9272. 2'1/2
9273. 2'1/2
9274. 0
9275. 4'1/2
9276. 4'1/2
9277. 1'1/2
9278. 5'1/2
9279. 5'1/2
9280. 2'1/2
9281. 8'1/2
9282. 0
9283. 7'1/2
9284. 1
9285. 5'1/2
9286. 1/2
9287. 1/2
9288. 3'1/2
9289. 4'1/2
9290. 1/2
9291. 6'1/2
9292. 0
9293. 3'1/2
9294. 1'1/2
9295. 3'1/2
9296. 3'1/2
9297. 2
9298. 2'1/2
9299. 1/2
9300. 1'1/2
9301. 2'1/2
9302. 4'1/2
9303. 3
9304. 3'1/2
9305. 1'1/2
9306. 0
9307. 0
9308. 8
9309. 1
9310. 2
9311. 2'1/2
9312. 5'1/2
9313. 4'1/2
9314. 4
9315. 8'1/2
9316. 3
9317. 2'1/2
9318. 4'1/2
9319. 4'1/2
9320. 5
9321. 4'1/2
9322. 1'1/2
9323. 0
9324. 8
9325. 6'1/2
9326. 1
9327. 1
9328. 1'1/2
9329. 5'1/2
9330. 0
9331. 1'1/2
9332. 2'1/2
9333. 2'1/2
9334. 2'1/2
9335. 1
9336. 1/2
9337. 1/2
9338. 7'1/2
9339. 2
9340. 4'1/2
9341. 1
9342. 4'1/2
9343. 1'1/2
9344. 1'1/2
9345. 3'1/2
9346. 4
9347. 1/2
9348. 3'1/2
9349. 3'1/2
9350. 1/2
9351. 2
9352. 3
9353. 2'1/2
9354. 6
9355. 3
9356. 3'1/2
9357. 1/2
9358. 6'1/2
9359. 3'1/2
9360. 1/2
9361. 3
9362. 3
9363. 6'1/2
9364. 1
9365. 2
9366. 1
9367. 3
9368. 3
9369. 4'1/2
9370. 1
9371. 0
9372. 3'1/2
9373. 3'1/2
9374. 1'1/2
9375. 3
9376. 2
9377. 2'1/2
9378. 2
9379. 1
9380. 2'1/2
9381. 2'1/2
9382. 2'1/2
9383. 3'1/2
9384. 1/2
9385. 1
9386. 3
9387. 1
9388. 4'1/2
9389. 3'1/2
9390. 1'1/2
9391. 1'1/2
9392. 1/2
9393. 3'1/2
9394. 1/2
9395. 1/2
9396. 2
9397. 1/2
9398. 1/2
9399. 1'1/2
9400. 2'1/2
9401. 1'1/2
9402. 5
9403. 4'1/2
9404. 2'1/2
9405. 4'1/2
9406. 3
9407. 2'1/2
9408. 0
9409. 1/2
9410. 5'1/2
9411. 1'1/2
9412. 2'1/2
9413. 3'1/2
9414. 5
9415. 4'1/2
9416. 0
9417. 4'1/2
9418. 4'1/2
9419. 2'1/2
9420. 4'1/2
9421. 1'1/2
9422. 3'1/2
9423. 1/2
9424. 1/2
9425. 1/2
9426. 1/2
9427. 2'1/2
9428. 4'1/2
9429. 3
9430. 1'1/2
9431. 1'1/2
9432. 1
9433. 0
9434. 0
9435. 3'1/2
9436. 1/2
9437. 2
9438. 1'1/2
9439. 0
9440. 4'1/2
9441. 4'1/2
9442. 3
9443. 5'1/2
9444. 1'1/2
9445. 1'1/2
9446. 1
9447. 1/2
9448. 1/2
9449. 2'1/2
9450. 4'1/2
9451. 1
9452. 4
9453. 2'1/2
9454. 1/2
9455. 1
9456. 2
9457. 2
9458. 0
9459. 3
9460. 5'1/2
9461. 1/2
9462. 2'1/2
9463. 4'1/2
9464. 1/2
9465. 0
9466. 1/2
9467. 4'1/2
9468. 3
9469. 5'1/2
9470. 1'1/2
9471. 1/2
9472. 3'1/2
9473. 1
9474. 0
9475. 5'1/2
9476. 1/2
9477. 5'1/2
9478. 1/2
9479. 4
9480. 1/2
9481. 1/2
9482. 2'1/2
9483. 1/2
9484. 3
9485. 2
9486. 3'1/2
9487. 3'1/2
9488. 3'1/2
9489. 0
9490. 1'1/2
9491. 6'1/2
9492. 6
9493. 3'1/2
9494. 1/2
9495. 2
9496. 0
9497. 4'1/2
9498. 3'1/2
9499. 3'1/2
9500. 2'1/2
9501. 4
9502. 1'1/2
9503. 1'1/2
9504. 8'1/2
9505. 4'1/2
9506. 1'1/2
9507. 4'1/2
9508. 2
9509. 7'1/2
9510. 2'1/2
9511. 1'1/2
9512. 5
9513. 1'1/2
9514. 6'1/2
9515. 5'1/2
9516. 2'1/2
9517. 1'1/2
9518. 6'1/2
9519. 1
9520. 2'1/2
9521. 2
9522. 1'1/2
9523. 3
9524. 4'1/2
9525. 1/2
9526. 6
9527. 1/2
9528. 1/2
9529. 5'1/2
9530. 2'1/2
9531. 3
9532. 7'1/2
9533. 2'1/2
9534. 1'1/2
9535. 6'1/2
9536. 2
9537. 1/2
9538. 1
9539. 2
9540. 2'1/2
9541. 2'1/2
9542. 1'1/2
9543. 1'1/2
9544. 3
9545. 1/2
9546. 4'1/2
9547. 2'1/2
9548. 1/2
9549. 1'1/2
9550. 2'1/2
9551. 3
9552. 1/2
9553. 4'1/2
9554. 2
9555. 6'1/2
9556. 1'1/2
9557. 1
9558. 1/2
9559. 5'1/2
9560. 3
9561. 1
9562. 0
9563. 3'1/2
9564. 2
9565. 5'1/2
9566. 2'1/2
9567. 2'1/2
9568. 1'1/2
9569. 1/2
9570. 5'1/2
9571. 4
9572. 7'1/2
9573. 3'1/2
9574. 1/2
9575. 1'1/2
9576. 3
9577. 5'1/2
9578. 1
9579. 1'1/2
9580. 2'1/2
9581. 5'1/2
9582. 1'1/2
9583. 1/2
9584. 4
9585. 8
9586. 3'1/2
9587. 3
9588. 1'1/2
9589. 1/2
9590. 3'1/2
9591. 1
9592. 3'1/2
9593. 0
9594. 1
9595. 2'1/2
9596. 4'1/2
9597. 1/2
9598. 1'1/2
9599. 3'1/2
9600. 2'1/2
9601. 0
9602. 5'1/2
9603. 4
9604. 4'1/2
9605. 9'1/2
9606. 1/2
9607. 1'1/2
9608. 1'1/2
9609. 1/2
9610. 2
9611. 1
9612. 1/2
9613. 4'1/2
9614. 2'1/2
9615. 0
9616. 2'1/2
9617. 0
9618. 1/2
9619. 4'1/2
9620. 1/2
9621. 1'1/2
9622. 5'1/2
9623. 4'1/2
9624. 4'1/2
9625. 1'1/2
9626. 2'1/2
9627. 0
9628. 3'1/2
9629. 1/2
9630. 1/2
9631. 1/2
9632. 1'1/2
9633. 9'1/2
9634. 1/2
9635. 4'1/2
9636. 1/2
9637. 4
9638. 4'1/2
9639. 3'1/2
9640. 5
9641. 5'1/2
9642. 1/2
9643. 1/2
9644. 1'1/2
9645. 5
9646. 1
9647. 4'1/2
9648. 1'1/2
9649. 2'1/2
9650. 2'1/2
9651. 1/2
9652. 2
9653. 1'1/2
9654. 3'1/2
9655. 2'1/2
9656. 3'1/2
9657. 4'1/2
9658. 1'1/2
9659. 4'1/2
9660. 3'1/2
9661. 3
9662. 3'1/2
9663. 2'1/2
9664. 1'1/2
9665. 8
9666. 4
9667. 0
9668. 2'1/2
9669. 4
9670. 2
9671. 1'1/2
9672. 1/2
9673. 5
9674. 3
9675. 3'1/2
9676. 3'1/2
9677. 2'1/2
9678. 3'1/2
9679. 2'1/2
9680. 4'1/2
9681. 3'1/2
9682. 1
9683. 1/2
9684. 1
9685. 4'1/2
9686. 1/2
9687. 2'1/2
9688. 2
9689. 1'1/2
9690. 2'1/2
9691. 3'1/2
9692. 1/2
9693. 2'1/2
9694. 1/2
9695. 1
9696. 2'1/2
9697. 6'1/2
9698. 3
9699. 5'1/2
9700. 2'1/2
9701. 1'1/2
9702. 2'1/2
9703. 1'1/2
9704. 5
9705. 3'1/2
9706. 1'1/2
9707. 4
9708. 1'1/2
9709. 3'1/2
9710. 10
9711. 1'1/2
9712. 8'1/2
9713. 3'1/2
9714. 4'1/2
9715. 2'1/2
9716. 1/2
9717. 1/2
9718. 1
9719. 4
9720. 3
9721. 3'1/2
9722. 4
9723. 3'1/2
9724. 1
9725. 7'1/2
9726. 1'1/2
9727. 1/2
9728. 2
9729. 5'1/2
9730. 5'1/2
9731. 2'1/2
9732. 1'1/2
9733. 5'1/2
9734. 1'1/2
9735. 3'1/2
9736. 1/2
9737. 3'1/2
9738. 2'1/2
9739. 3'1/2
9740. 3'1/2
9741. 1/2
9742. 1'1/2
9743. 1'1/2
9744. 1
9745. 4'1/2
9746. 4
9747. 2'1/2
9748. 4
9749. 4
9750. 3'1/2
9751. 4'1/2
9752. 7
9753. 1
9754. 4'1/2
9755. 2'1/2
9756. 1'1/2
9757. 2'1/2
9758. 5'1/2
9759. 5'1/2
9760. 2'1/2
9761. 3'1/2
9762. 2'1/2
9763. 1/2
9764. 2'1/2
9765. 4'1/2
9766. 5'1/2
9767. 2'1/2
9768. 1/2
9769. 4'1/2
9770. 1'1/2
9771. 1
9772. 1'1/2
9773. 3'1/2
9774. 5'1/2
9775. 2'1/2
9776. 2'1/2
9777. 6
9778. 1/2
9779. 4'1/2
9780. 1'1/2
9781. 1/2
9782. 5'1/2
9783. 1/2
9784. 3'1/2
9785. 5
9786. 7
9787. 4
9788. 4'1/2
9789. 2'1/2
9790. 1'1/2
9791. 3'1/2
9792. 2'1/2
9793. 4'1/2
9794. 3
9795. 1/2
9796. 5'1/2
9797. 1'1/2
9798. 4'1/2
9799. 7'1/2
9800. 2'1/2
9801. 8'1/2
9802. 2'1/2
9803. 6'1/2
9804. 5'1/2
9805. 3
9806. 5'1/2
9807. 2'1/2
9808. 5'1/2
9809. 2
9810. 5'1/2
9811. 3'1/2
9812. 1/2
9813. 3'1/2
9814. 6'1/2
9815. 5'1/2
9816. 2
9817. 2'1/2
9818. 6'1/2
9819. 2
9820. 1'1/2
9821. 1'1/2
9822. 6'1/2
9823. 0
9824. 1'1/2
9825. 2'1/2
9826. 3'1/2
9827. 2'1/2
9828. 1/2
9829. 5
9830. 2'1/2
9831. 2'1/2
9832. 1'1/2
9833. 1'1/2
9834. 1/2
9835. 1'1/2
9836. 2
9837. 4
9838. 1/2
9839. 1/2
9840. 3
9841. 2'1/2
9842. 3'1/2
9843. 1'1/2
9844. 2
9845. 1
9846. 4'1/2
9847. 2'1/2
9848. 1
9849. 1/2
9850. 3'1/2
9851. 1/2
9852. 1/2
9853. 2'1/2
9854. 5'1/2
9855. 1'1/2
9856. 9'1/2
9857. 1/2
9858. 6'1/2
9859. 2
9860. 5'1/2
9861. 4
9862. 1'1/2
9863. 2
9864. 1/2
9865. 6
9866. 3'1/2
9867. 1'1/2
9868. 6'1/2
9869. 3'1/2
9870. 4'1/2
9871. 3
9872. 1
9873. 6'1/2
9874. 1/2
9875. 0
9876. 1'1/2
9877. 1/2
9878. 1/2
9879. 1'1/2
9880. 5'1/2
9881. 2'1/2
9882. 1/2
9883. 3'1/2
9884. 2'1/2
9885. 8
9886. 1'1/2
9887. 1/2
9888. 1'1/2
9889. 6
9890. 1
9891. 4
9892. 6'1/2
9893. 1'1/2
9894. 2'1/2
9895. 1/2
9896. 2'1/2
9897. 6'1/2
9898. 2'1/2
9899. 6
9900. 7'1/2
9901. 7
9902. 3'1/2
9903. 2'1/2
9904. 5
9905. 5'1/2
9906. 3'1/2
9907. 1/2
9908. 4
9909. 1/2
9910. 1'1/2
9911. 1/2
9912. 1'1/2
9913. 1'1/2
9914. 2'1/2
9915. 2'1/2
9916. 4'1/2
9917. 2
9918. 3'1/2
9919. 1
9920. 4'1/2
9921. 1/2
9922. 3'1/2
9923. 1/2
9924. 6'1/2
9925. 2
9926. 1
9927. 7'1/2
9928. 5
9929. 6
9930. 2
9931. 1/2
9932. 0
9933. 0
9934. 2'1/2
9935. 1'1/2
9936. 2'1/2
9937. 5'1/2
9938. 1'1/2
9939. 6
9940. 3
9941. 2
9942. 1/2
9943. 4'1/2
9944. 2'1/2
9945. 1'1/2
9946. 5'1/2
9947. 0
9948. 2'1/2
9949. 3
9950. 1'1/2
9951. 1/2
9952. 2'1/2
9953. 1'1/2
9954. 6'1/2
9955. 3
9956. 1'1/2
9957. 3'1/2
9958. 2'1/2
9959. 1/2
9960. 5'1/2
9961. 3
9962. 2'1/2
9963. 3'1/2
9964. 3'1/2
9965. 5'1/2
9966. 6'1/2
9967. 1/2
9968. 3'1/2
9969. 4
9970. 3'1/2
9971. 3'1/2
9972. 2'1/2
9973. 5'1/2
9974. 1'1/2
9975. 1/2
9976. 1/2
9977. 2
9978. 1'1/2
9979. 1'1/2
9980. 1/2
9981. 2'1/2
9982. 2'1/2
9983. 4'1/2
9984. 2'1/2
9985. 3
9986. 2'1/2
9987. 5'1/2
9988. 2
9989. 1'1/2
9990. 1
9991. 1'1/2
9992. 1/2
9993. 1/2
9994. 5'1/2
9995. 1/2
9996. 1'1/2
9997. 1/2
9998. 1
9999. 2
10000. 1/2
