答案：

1. 2
2. 3
3. 6
4. 2
5. 8
6. 0
7. 3'1/2
8. 1
9. 2
10. 3'1/2
11. 1
12. 0
13. 2'1/2
14. 2'1/2
15. 2
16. 4'1/2
17. 3
18. 1
19. 0
20. 7'1/2
21. 1
22. 1'1/2
23. 0
24. 2'1/2
25. 0
26. 2
27. 1
28. 1
29. 1'1/2
30. 1
31. 3'1/2
32. 2
33. 2
34. 2
35. 2'1/2
36. 0
37. 1
38. 1
39. 0
40. 4
41. 1'1/2
42. 1/2
43. 2
44. 0
45. 2'1/2
46. 0
47. 0
48. 0
49. 0
50. 2
51. 1/2
52. 0
53. 1/2
54. 1
55. 0
56. 1/2
57. 1
58. 1'1/2
59. 4
60. 2
61. 1
62. 1
63. 0
64. 4
65. 1
66. 2'1/2
67. 2
68. 5'1/2
69. 1
70. 0
71. 1/2
72. 2
73. 2'1/2
74. 1
75. 0
76. 4
77. 2
78. 2
79. 5
80. 1'1/2
81. 0
82. 0
83. 0
84. 5
85. 1
86. 2
87. 6'1/2
88. 1
89. 0
90. 1'1/2
91. 3'1/2
92. 2
93. 2
94. 2
95. 1/2
96. 5
97. 4
98. 0
99. 1
100. 2
101. 2
102. 1/2
103. 5
104. 4'1/2
105. 7
106. 1/2
107. 1/2
108. 1
109. 5'1/2
110. 0
111. 4'1/2
112. 2'1/2
113. 3
114. 3
115. 6
116. 0
117. 5'1/2
118. 2'1/2
119. 1
120. 1/2
121. 0
122. 2
123. 1
124. 1
125. 1'1/2
126. 0
127. 1/2
128. 0
129. 1'1/2
130. 0
131. 4'1/2
132. 0
133. 2
134. 1/2
135. 3
136. 3
137. 1/2
138. 0
139. 4
140. 3'1/2
141. 2
142. 6
143. 1
144. 0
145. 2
146. 1
147. 2'1/2
148. 5'1/2
149. 5
150. 2
151. 2
152. 4'1/2
153. 2'1/2
154. 2
155. 0
156. 1
157. 0
158. 2
159. 1
160. 0
161. 0
162. 1/2
163. 0
164. 3'1/2
165. 6'1/2
166. 2'1/2
167. 2
168. 2
169. 2
170. 0
171. 1
172. 1/2
173. 3'1/2
174. 2
175. 0
176. 3
177. 0
178. 0
179. 2
180. 5'1/2
181. 1
182. 1'1/2
183. 4'1/2
184. 0
185. 2'1/2
186. 1
187. 0
188. 1
189. 0
190. 2
191. 4
192. 3'1/2
193. 3'1/2
194. 5
195. 2
196. 4'1/2
197. 3
198. 1'1/2
199. 4
200. 0
201. 4
202. 3
203. 1/2
204. 3
205. 2
206. 3
207. 2
208. 3
209. 1/2
210. 3'1/2
211. 3
212. 0
213. 1'1/2
214. 3'1/2
215. 1
216. 2
217. 0
218. 1
219. 3
220. 4
221. 0
222. 1/2
223. 0
224. 3'1/2
225. 4
226. 4
227. 0
228. 0
229. 1/2
230. 4
231. 1/2
232. 3
233. 0
234. 1
235. 3'1/2
236. 0
237. 6'1/2
238. 1
239. 6'1/2
240. 2'1/2
241. 0
242. 3
243. 3'1/2
244. 3'1/2
245. 4'1/2
246. 1
247. 2
248. 2'1/2
249. 2
250. 3'1/2
251. 1/2
252. 6
253. 1'1/2
254. 0
255. 1
256. 2
257. 1
258. 3
259. 3'1/2
260. 1'1/2
261. 1
262. 2
263. 1'1/2
264. 0
265. 3'1/2
266. 1'1/2
267. 5
268. 4'1/2
269. 2'1/2
270. 0
271. 0
272. 0
273. 4'1/2
274. 3
275. 2'1/2
276. 0
277. 1/2
278. 0
279. 0
280. 5'1/2
281. 1
282. 1'1/2
283. 2'1/2
284. 2'1/2
285. 6
286. 1/2
287. 1/2
288. 0
289. 5'1/2
290. 0
291. 0
292. 4
293. 4'1/2
294. 2'1/2
295. 1'1/2
296. 0
297. 2'1/2
298. 0
299. 0
300. 0
301. 1/2
302. 0
303. 3'1/2
304. 0
305. 2'1/2
306. 0
307. 0
308. 4
309. 2
310. 1
311. 1
312. 3
313. 2
314. 1
315. 2
316. 0
317. 1/2
318. 4'1/2
319. 1/2
320. 4'1/2
321. 1
322. 1
323. 1/2
324. 1'1/2
325. 1'1/2
326. 4'1/2
327. 2'1/2
328. 0
329. 2/4
330. 1
331. 0
332. 1'1/2
333. 0
334. 0
335. 2'1/2
336. 1/2
337. 1/2
338. 1
339. 1/2
340. 4'1/2
341. 3'1/2
342. 2'1/2
343. 2
344. 0
345. 1
346. 5'1/2
347. 3
348. 2
349. 1'1/2
350. 0
351. 3
352. 8
353. 1
354. 2
355. 3'1/2
356. 2
357. 0
358. 1'1/2
359. 1
360. 1/2
361. 0
362. 1
363. 0
364. 3'1/2
365. 4
366. 1
367. 1'1/2
368. 3'1/2
369. 4
370. 2
371. 1
372. 4
373. 1'1/2
374. 4
375. 5'1/2
376. 2'1/2
377. 1
378. 1/2
379. 1'1/2
380. 0
381. 2
382. 0
383. 5
384. 1'1/2
385. 3'1/2
386. 1/2
387. 1/2
388. 2
389. 2
390. 0
391. 1
392. 3
393. 8
394. 1
395. 0
396. 0
397. 2'1/2
398. 6
399. 1/2
400. 3
401. 3
402. 0
403. 7
404. 4
405. 1'1/2
406. 3'1/2
407. 3
408. 2
409. 0
410. 3
411. 0
412. 2
413. 4
414. 2
415. 5'1/2
416. 0
417. 0
418. 3
419. 2
420. 0
421. 1
422. 3
423. 1
424. 5
425. 1
426. 1'1/2
427. 0
428. 1
429. 0
430. 3'1/2
431. 0
432. 1
433. 2
434. 0
435. 1/2
436. 2'1/2
437. 6
438. 1/2
439. 3
440. 0
441. 4
442. 3
443. 0
444. 0
445. 1
446. 2
447. 2
448. 1/2
449. 0
450. 1/2
451. 3'1/2
452. 5
453. 4
454. 2'1/2
455. 3'1/2
456. 4
457. 1
458. 4
459. 5
460. 1/2
461. 4
462. 0
463. 2
464. 1
465. 4
466. 0
467. 6'1/2
468. 2'1/2
469. 2'1/2
470. 0
471. 0
472. 2'1/2
473. 6
474. 0
475. 0
476. 1/2
477. 6
478. 1
479. 4
480. 2
481. 5
482. 4'1/2
483. 5
484. 1'1/2
485. 4
486. 0
487. 0
488. 0
489. 0
490. 1
491. 2'1/2
492. 4
493. 1/2
494. 1/2
495. 5
496. 1
497. 1'1/2
498. 3'1/2
499. 1'1/2
500. 4'1/2
501. 2
502. 8
503. 0
504. 7
505. 1/2
506. 1
507. 1/2
508. 3
509. 0
510. 1'1/2
511. 1'1/2
512. 1
513. 8
514. 2'1/2
515. 0
516. 4
517. 1'1/2
518. 2
519. 2
520. 2'1/2
521. 4'1/2
522. 2
523. 4'1/2
524. 0
525. 2
526. 0
527. 1
528. 0
529. 0
530. 4
531. 5'1/2
532. 1/2
533. 3'1/2
534. 2
535. 1
536. 4
537. 4
538. 0
539. 1
540. 1/2
541. 5'1/2
542. 0
543. 2'1/2
544. 2
545. 2
546. 0
547. 2/4
548. 0
549. 6'1/2
550. 2'1/2
551. 1
552. 0
553. 2
554. 2'1/2
555. 2
556. 2
557. 4
558. 4
559. 0
560. 1'1/2
561. 2
562. 1
563. 0
564. 2
565. 3'1/2
566. 2'1/2
567. 4'1/2
568. 2'1/2
569. 0
570. 0
571. 0
572. 1/2
573. 6
574. 2'1/2
575. 3
576. 6
577. 1'3/4
578. 1/2
579. 2
580. 4
581. 0
582. 0
583. 3'1/2
584. 1
585. 3
586. 4'1/2
587. 1/2
588. 2
589. 4
590. 2
591. 6
592. 2
593. 1'1/2
594. 8
595. 3
596. 3'1/2
597. 1
598. 2'1/2
599. 2'1/2
600. 1/4
601. 3'1/2
602. 2
603. 2'1/2
604. 2
605. 2'1/2
606. 1
607. 2
608. 2'1/2
609. 2'1/2
610. 1'1/2
611. 3
612. 1'1/2
613. 0
614. 3'1/2
615. 2
616. 1/3
617. 2'1/2
618. 3'1/2
619. 2
620. 0
621. 4'1/2
622. 1'1/2
623. 1'1/2
624. 0
625. 0
626. 2'1/2
627. 1/2
628. 2'1/2
629. 5'1/2
630. 2
631. 4
632. 0
633. 4
634. 2
635. 2
636. 4'1/2
637. 1
638. 2'1/2
639. 2
640. 1'1/2
641. 2
642. 5'1/2
643. 1/2
644. 1
645. 2
646. 2
647. 0
648. 5'1/2
649. 0
650. 3'1/2
651. 3
652. 1'1/2
653. 5'1/2
654. 2'1/2
655. 3
656. 0
657. 2'1/2
658. 1/2
659. 2'1/2
660. 3
661. 0
662. 0
663. 2
664. 0
665. 3'1/2
666. 4'1/2
667. 1/2
668. 0
669. 2
670. 1
671. 3
672. 0
673. 2'1/2
674. 2'1/2
675. 5'1/2
676. 6
677. 4
678. 1'1/2
679. 6'1/2
680. 3
681. 1'1/2
682. 3'1/2
683. 3
684. 0
685. 4
686. 1
687. 6
688. 1/4
689. 0
690. 2
691. 3'1/2
692. 2
693. 1
694. 0
695. 0
696. 2
697. 2
698. 2
699. 0
700. 4
701. 1/2
702. 1/2
703. 2
704. 1'1/2
705. 3
706. 1
707. 1
708. 3'1/2
709. 1/2
710. 2'1/2
711. 0
712. 2
713. 0
714. 0
715. 1
716. 3'1/2
717. 4
718. 4
719. 1/2
720. 1
721. 1
722. 4'1/2
723. 2
724. 2
725. 0
726. 0
727. 1'1/2
728. 0
729. 1'1/2
730. 0
731. 3
732. 1'1/2
733. 2
734. 3
735. 5'1/2
736. 2
737. 0
738. 3
739. 2'1/2
740. 2
741. 4'1/2
742. 0
743. 0
744. 3
745. 2
746. 1
747. 0
748. 0
749. 6
750. 0
751. 2
752. 1/2
753. 4
754. 1
755. 2
756. 0
757. 2
758. 1
759. 2
760. 1'1/2
761. 0
762. 0
763. 1'1/2
764. 3'1/2
765. 3'1/2
766. 2'1/2
767. 0
768. 3
769. 3
770. 1
771. 0
772. 1
773. 3
774. 0
775. 1
776. 1
777. 0
778. 0
779. 3
780. 3'1/2
781. 0
782. 4
783. 1'1/2
784. 2
785. 0
786. 4'1/2
787. 1'1/2
788. 3'1/2
789. 4
790. 5
791. 0
792. 9
793. 2'1/2
794. 2
795. 1'1/2
796. 3
797. 3'1/2
798. 2'1/2
799. 0
800. 0
801. 2
802. 3'1/2
803. 2
804. 3'1/2
805. 2
806. 3'1/2
807. 2'1/2
808. 1'1/2
809. 1'1/2
810. 0
811. 1
812. 0
813. 0
814. 1
815. 6
816. 1'1/2
817. 4
818. 3
819. 2'1/2
820. 2'1/2
821. 1
822. 2
823. 1/2
824. 1
825. 3'1/2
826. 1/2
827. 2
828. 5'1/2
829. 5
830. 4
831. 5
832. 3
833. 2'1/2
834. 2'1/2
835. 3
836. 2'1/2
837. 0
838. 7'1/2
839. 0
840. 1
841. 1'1/2
842. 0
843. 1/2
844. 2
845. 0
846. 8
847. 2
848. 4
849. 1/3
850. 2'1/2
851. 2/3
852. 2
853. 4
854. 3
855. 3
856. 0
857. 1
858. 1'1/2
859. 4
860. 4
861. 0
862. 0
863. 6'1/2
864. 6'1/2
865. 1
866. 0
867. 3'1/2
868. 3'1/2
869. 5
870. 1'1/2
871. 2
872. 2/3
873. 6'1/2
874. 1/2
875. 1
876. 3'1/2
877. 0
878. 1/2
879. 0
880. 1'1/2
881. 3'1/2
882. 2
883. 4
884. 0
885. 2
886. 1'1/2
887. 0
888. 0
889. 1/2
890. 1/2
891. 2
892. 1'1/2
893. 0
894. 3
895. 0
896. 1'1/2
897. 3
898. 1/2
899. 2
900. 4
901. 0
902. 1'1/2
903. 2
904. 2
905. 3'1/2
906. 0
907. 1/2
908. 4'1/2
909. 4
910. 0
911. 1
912. 5'1/2
913. 2'1/2
914. 1
915. 4
916. 1/2
917. 2
918. 0
919. 1'1/2
920. 1'1/2
921. 2'1/2
922. 1/2
923. 2
924. 6'1/2
925. 2
926. 1'1/2
927. 0
928. 1
929. 1
930. 3
931. 6'1/2
932. 1
933. 1
934. 0
935. 1'1/2
936. 0
937. 1'1/2
938. 0
939. 1'1/2
940. 2'1/2
941. 3
942. 0
943. 0
944. 4
945. 2
946. 0
947. 3
948. 2
949. 1
950. 1'1/2
951. 2
952. 2
953. 3
954. 1
955. 2'1/2
956. 3
957. 2'1/2
958. 4'1/2
959. 0
960. 0
961. 1
962. 2
963. 5
964. 2
965. 3
966. 3
967. 2'1/2
968. 2'1/2
969. 1
970. 4'1/2
971. 1
972. 1
973. 8
974. 2
975. 1'1/2
976. 2
977. 4
978. 0
979. 2'1/2
980. 1'1/2
981. 2'1/2
982. 0
983. 5
984. 0
985. 0
986. 4'1/2
987. 0
988. 5'1/2
989. 1'1/2
990. 1/2
991. 3
992. 1/2
993. 1/2
994. 1'1/2
995. 1
996. 1/2
997. 4'1/2
998. 6
999. 1/2
1000. 1
1001. 1'1/2
1002. 5'1/2
1003. 0
1004. 1/2
1005. 5'1/2
1006. 3
1007. 2
1008. 2'1/2
1009. 2
1010. 1
1011. 1/2
1012. 0
1013. 0
1014. 1
1015. 1'1/2
1016. 1/2
1017. 1
1018. 1'1/2
1019. 1
1020. 3
1021. 1'1/2
1022. 2
1023. 4'1/2
1024. 4
1025. 0
1026. 4'1/2
1027. 1/2
1028. 2
1029. 4
1030. 0
1031. 2
1032. 0
1033. 5
1034. 2
1035. 1/2
1036. 6
1037. 4
1038. 5'1/2
1039. 2
1040. 1
1041. 0
1042. 3
1043. 2
1044. 1
1045. 3'1/2
1046. 16
1047. 1/2
1048. 4
1049. 1
1050. 3'1/2
1051. 0
1052. 2
1053. 1'1/2
1054. 1
1055. 0
1056. 2
1057. 1
1058. 4'1/2
1059. 1
1060. 0
1061. 1
1062. 3'1/2
1063. 0
1064. 0
1065. 2
1066. 1
1067. 3
1068. 3
1069. 0
1070. 1
1071. 5
1072. 0
1073. 1/2
1074. 1
1075. 1
1076. 1'1/2
1077. 4
1078. 2'1/2
1079. 3'1/2
1080. 0
1081. 2
1082. 1
1083. 1
1084. 1
1085. 1'1/2
1086. 0
1087. 4'1/2
1088. 2
1089. 1/2
1090. 4'1/2
1091. 4
1092. 1'1/2
1093. 3'1/2
1094. 2
1095. 4'1/2
1096. 2
1097. 4
1098. 0
1099. 2
1100. 3
1101. 3
1102. 2'1/2
1103. 0
1104. 1
1105. 1/2
1106. 1
1107. 1'1/2
1108. 1
1109. 0
1110. 2'1/2
1111. 2
1112. 3
1113. 0
1114. 2'1/2
1115. 1
1116. 2'1/2
1117. 1/2
1118. 5'1/2
1119. 4'1/2
1120. 2'1/2
1121. 0
1122. 1'1/2
1123. 1'1/2
1124. 0
1125. 0
1126. 1/2
1127. 1/2
1128. 3
1129. 1'1/2
1130. 2
1131. 4
1132. 1
1133. 1
1134. 1
1135. 1
1136. 1/2
1137. 1
1138. 0
1139. 0
1140. 2
1141. 2
1142. 2
1143. 1
1144. 3
1145. 2
1146. 2
1147. 3'1/2
1148. 0
1149. 5'1/2
1150. 0
1151. 4
1152. 1
1153. 1
1154. 8
1155. 3
1156. 4'1/2
1157. 1
1158. 0
1159. 3
1160. 1'1/2
1161. 0
1162. 2
1163. 0
1164. 2
1165. 4'1/2
1166. 2'1/3
1167. 4
1168. 1
1169. 1/2
1170. 3
1171. 1
1172. 1
1173. 0
1174. 1/2
1175. 2
1176. 0
1177. 4'1/2
1178. 1'1/2
1179. 0
1180. 4'1/2
1181. 0
1182. 1/2
1183. 1
1184. 2
1185. 2
1186. 2'1/2
1187. 1/2
1188. 5'1/2
1189. 6
1190. 1/2
1191. 5'1/2
1192. 1/2
1193. 1/2
1194. 6'1/2
1195. 1
1196. 1/2
1197. 1
1198. 3
1199. 5'1/2
1200. 2
1201. 1'1/2
1202. 4'1/2
1203. 1/2
1204. 1/2
1205. 2'1/2
1206. 1
1207. 2
1208. 2'1/2
1209. 2
1210. 0
1211. 1/2
1212. 0
1213. 1
1214. 1/2
1215. 2
1216. 0
1217. 1
1218. 4'1/2
1219. 1/2
1220. 0
1221. 4
1222. 2'1/2
1223. 7'1/2
1224. 3
1225. 2
1226. 0
1227. 0
1228. 2
1229. 2
1230. 0
1231. 0
1232. 5'1/2
1233. 1
1234. 1/2
1235. 3'1/2
1236. 6
1237. 3
1238. 1
1239. 2
1240. 1'1/2
1241. 1/3
1242. 2
1243. 4
1244. 1'1/2
1245. 4'1/2
1246. 0
1247. 1'1/2
1248. 0
1249. 3'1/2
1250. 4'1/2
1251. 0
1252. 1
1253. 2'1/2
1254. 3'1/2
1255. 1
1256. 1/2
1257. 1/2
1258. 1'1/2
1259. 0
1260. 2
1261. 1
1262. 1/2
1263. 2
1264. 1
1265. 0
1266. 1
1267. 1
1268. 2
1269. 2
1270. 0
1271. 16
1272. 0
1273. 2'1/2
1274. 4
1275. 1
1276. 0
1277. 1'1/2
1278. 0
1279. 0
1280. 1/2
1281. 1
1282. 2
1283. 2'1/2
1284. 5
1285. 0
1286. 2
1287. 1/2
1288. 2'1/2
1289. 2
1290. 4
1291. 0
1292. 0
1293. 6
1294. 1'1/2
1295. 2'1/2
1296. 4
1297. 4
1298. 4'1/2
1299. 2
1300. 0
1301. 1'1/2
1302. 1/2
1303. 1/2
1304. 2'1/2
1305. 3
1306. 1/2
1307. 4'1/2
1308. 0
1309. 1'1/2
1310. 4'1/2
1311. 0
1312. 0
1313. 0
1314. 0
1315. 3
1316. 3
1317. 1
1318. 4'1/2
1319. 1/2
1320. 1'1/2
1321. 3
1322. 2'1/2
1323. 2
1324. 4'1/2
1325. 0
1326. 1'1/2
1327. 0
1328. 4
1329. 0
1330. 4
1331. 3
1332. 4'1/2
1333. 4
1334. 1/2
1335. 1
1336. 3
1337. 1/2
1338. 0
1339. 1'1/2
1340. 2
1341. 1'1/2
1342. 1/2
1343. 5
1344. 1'1/2
1345. 10
1346. 0
1347. 3'1/2
1348. 0
1349. 1
1350. 2'1/2
1351. 0
1352. 0
1353. 0
1354. 3
1355. 1/2
1356. 1
1357. 1/2
1358. 3'1/2
1359. 4'1/2
1360. 6
1361. 2'1/2
1362. 1
1363. 1
1364. 2
1365. 2
1366. 2
1367. 3
1368. 2'1/2
1369. 1/2
1370. 0
1371. 2
1372. 2
1373. 2
1374. 5
1375. 5
1376. 0
1377. 0
1378. 1/2
1379. 2
1380. 4'1/2
1381. 3'1/2
1382. 3'1/2
1383. 0
1384. 1'1/2
1385. 2
1386. 0
1387. 1
1388. 2
1389. 2'1/2
1390. 4'1/2
1391. 1/2
1392. 0
1393. 3
1394. 2
1395. 4
1396. 6'1/2
1397. 1
1398. 2
1399. 1/2
1400. 3
1401. 2
1402. 0
1403. 4'1/2
1404. 3
1405. 0
1406. 1
1407. 1'1/2
1408. 2'1/2
1409. 2/4
1410. 2
1411. 3'1/2
1412. 1
1413. 2'1/2
1414. 2
1415. 3
1416. 3
1417. 2
1418. 1'1/2
1419. 1'1/2
1420. 2'1/2
1421. 1
1422. 5'1/2
1423. 3'1/2
1424. 5'1/2
1425. 1'1/2
1426. 0
1427. 2'1/2
1428. 0
1429. 0
1430. 5'1/2
1431. 2
1432. 1
1433. 1
1434. 0
1435. 2
1436. 3'1/2
1437. 1'1/2
1438. 8
1439. 4
1440. 2
1441. 4'1/2
1442. 1
1443. 0
1444. 1'1/2
1445. 3
1446. 2'1/2
1447. 2
1448. 1'1/2
1449. 1/2
1450. 1
1451. 3
1452. 0
1453. 0
1454. 3'1/2
1455. 0
1456. 1
1457. 3
1458. 1/2
1459. 0
1460. 2'1/2
1461. 1
1462. 2
1463. 0
1464. 4'1/2
1465. 1/2
1466. 3'1/2
1467. 0
1468. 10
1469. 3
1470. 1
1471. 6
1472. 1/2
1473. 1
1474. 2'1/2
1475. 6
1476. 1/2
1477. 1'1/2
1478. 1
1479. 2'1/2
1480. 2
1481. 5'1/2
1482. 0
1483. 0
1484. 0
1485. 3
1486. 4
1487. 2
1488. 3'1/2
1489. 2'1/2
1490. 6
1491. 1
1492. 1'1/2
1493. 4
1494. 1/2
1495. 1/2
1496. 2
1497. 2
1498. 0
1499. 3'1/2
1500. 3
1501. 0
1502. 2'1/2
1503. 3'1/2
1504. 0
1505. 1
1506. 2
1507. 1/2
1508. 2
1509. 1
1510. 4
1511. 0
1512. 0
1513. 3
1514. 1/2
1515. 3
1516. 0
1517. 6
1518. 2
1519. 1'1/2
1520. 0
1521. 5
1522. 4'1/2
1523. 0
1524. 3'1/2
1525. 1/2
1526. 3'1/2
1527. 4
1528. 1
1529. 2
1530. 3
1531. 3'1/2
1532. 1
1533. 1'1/3
1534. 0
1535. 3'1/2
1536. 4
1537. 1'1/2
1538. 0
1539. 1
1540. 4
1541. 3
1542. 1/2
1543. 2'1/2
1544. 2'1/2
1545. 7'1/2
1546. 3
1547. 1'1/2
1548. 1
1549. 2/3
1550. 3
1551. 1
1552. 0
1553. 6'1/2
1554. 3
1555. 2'1/2
1556. 2
1557. 2'1/2
1558. 1
1559. 4
1560. 1/2
1561. 3'1/2
1562. 1
1563. 2
1564. 4
1565. 2'1/2
1566. 2
1567. 3
1568. 0
1569. 3
1570. 2
1571. 2/4
1572. 1'1/2
1573. 1'1/2
1574. 1'1/2
1575. 4'1/2
1576. 3
1577. 1'1/2
1578. 1/2
1579. 2
1580. 2'1/4
1581. 1
1582. 2
1583. 4
1584. 2'1/2
1585. 4
1586. 1
1587. 0
1588. 2
1589. 8
1590. 1
1591. 3
1592. 2
1593. 2'1/2
1594. 1
1595. 3'1/2
1596. 1/3
1597. 2
1598. 1'1/2
1599. 3
1600. 0
1601. 1/4
1602. 0
1603. 4
1604. 1/2
1605. 2'1/2
1606. 5
1607. 5
1608. 3
1609. 0
1610. 2
1611. 1
1612. 1
1613. 4'1/2
1614. 4
1615. 2
1616. 2
1617. 3'1/2
1618. 1'1/2
1619. 0
1620. 4'1/2
1621. 1/2
1622. 1/2
1623. 6
1624. 0
1625. 3
1626. 1
1627. 3'1/2
1628. 1'1/3
1629. 5'1/2
1630. 4'1/2
1631. 1
1632. 0
1633. 0
1634. 1/2
1635. 0
1636. 0
1637. 3
1638. 2
1639. 4'1/2
1640. 5'1/2
1641. 0
1642. 0
1643. 4
1644. 6
1645. 0
1646. 1/2
1647. 1/2
1648. 0
1649. 7'1/2
1650. 5
1651. 1/2
1652. 2'1/2
1653. 5
1654. 2
1655. 2
1656. 3'1/2
1657. 2
1658. 4
1659. 5'1/2
1660. 1
1661. 5
1662. 2'1/2
1663. 1/2
1664. 1
1665. 1/2
1666. 0
1667. 1
1668. 2
1669. 5
1670. 1
1671. 2'1/2
1672. 5
1673. 0
1674. 1
1675. 2'1/2
1676. 2
1677. 2'1/2
1678. 2
1679. 8
1680. 4'1/2
1681. 4
1682. 2'1/2
1683. 1
1684. 1/2
1685. 4
1686. 3'1/2
1687. 1
1688. 4
1689. 2'1/2
1690. 2'1/2
1691. 4
1692. 1
1693. 8
1694. 0
1695. 1
1696. 0
1697. 2/3
1698. 0
1699. 2
1700. 3'1/2
1701. 0
1702. 2'1/2
1703. 2
1704. 0
1705. 1/2
1706. 6
1707. 0
1708. 2
1709. 1
1710. 0
1711. 2
1712. 4'1/2
1713. 3'1/2
1714. 2
1715. 2'1/2
1716. 2
1717. 3
1718. 0
1719. 1'1/2
1720. 3
1721. 1/2
1722. 5
1723. 4
1724. 2
1725. 5
1726. 0
1727. 1/2
1728. 1/2
1729. 0
1730. 1'1/2
1731. 4
1732. 4'1/2
1733. 1
1734. 6
1735. 3
1736. 2
1737. 1
1738. 2
1739. 3
1740. 1/2
1741. 2'1/2
1742. 2'1/2
1743. 3'1/2
1744. 4
1745. 2
1746. 2
1747. 2'1/2
1748. 5
1749. 1
1750. 2
1751. 0
1752. 0
1753. 1
1754. 2'1/2
1755. 0
1756. 6'1/2
1757. 2'1/2
1758. 3'1/2
1759. 0
1760. 3
1761. 4
1762. 1'1/2
1763. 1'1/2
1764. 3'1/2
1765. 4
1766. 1'1/2
1767. 4
1768. 3'1/2
1769. 1/2
1770. 0
1771. 1'1/2
1772. 6'1/2
1773. 2
1774. 0
1775. 0
1776. 1'1/2
1777. 1/2
1778. 3
1779. 2
1780. 4'1/2
1781. 1/2
1782. 1'1/2
1783. 0
1784. 1
1785. 4
1786. 0
1787. 3
1788. 4
1789. 0
1790. 6'1/2
1791. 0
1792. 2
1793. 1
1794. 0
1795. 0
1796. 1/2
1797. 1
1798. 0
1799. 1
1800. 0
1801. 0
1802. 0
1803. 6'1/2
1804. 1/2
1805. 2
1806. 3
1807. 5
1808. 2'1/2
1809. 1
1810. 0
1811. 4'1/2
1812. 1
1813. 0
1814. 3'1/2
1815. 2
1816. 4
1817. 0
1818. 4
1819. 5'1/2
1820. 1'1/2
1821. 3
1822. 2
1823. 4
1824. 2
1825. 4
1826. 3'1/2
1827. 1
1828. 2'1/2
1829. 1/2
1830. 3
1831. 3
1832. 2'1/2
1833. 0
1834. 0
1835. 2
1836. 1
1837. 0
1838. 1
1839. 2
1840. 3
1841. 3'1/2
1842. 1/2
1843. 3'1/2
1844. 2'1/2
1845. 2
1846. 1
1847. 2'1/2
1848. 1'1/2
1849. 1/2
1850. 7'1/2
1851. 1/2
1852. 0
1853. 1
1854. 0
1855. 0
1856. 2
1857. 1
1858. 1'1/2
1859. 1'1/2
1860. 1/2
1861. 2
1862. 3
1863. 1
1864. 1
1865. 3
1866. 2
1867. 1'1/2
1868. 5'1/2
1869. 2
1870. 2
1871. 4
1872. 2
1873. 4'1/2
1874. 6
1875. 0
1876. 5
1877. 2'1/2
1878. 1
1879. 3
1880. 4
1881. 0
1882. 1/2
1883. 0
1884. 0
1885. 4'1/2
1886. 1
1887. 0
1888. 2
1889. 7
1890. 0
1891. 0
1892. 1/2
1893. 1
1894. 0
1895. 4'1/2
1896. 4'1/2
1897. 0
1898. 0
1899. 3
1900. 4
1901. 3
1902. 1
1903. 3
1904. 2'1/2
1905. 4
1906. 2'1/2
1907. 6
1908. 1'1/2
1909. 1'1/2
1910. 3'1/2
1911. 1/2
1912. 1/2
1913. 1
1914. 2
1915. 3'1/2
1916. 0
1917. 1
1918. 1
1919. 2
1920. 3'1/2
1921. 4'1/2
1922. 2
1923. 2
1924. 4
1925. 1
1926. 3
1927. 2
1928. 1/2
1929. 3'1/2
1930. 0
1931. 2
1932. 2
1933. 0
1934. 2
1935. 4
1936. 2
1937. 0
1938. 1'1/2
1939. 0
1940. 1
1941. 3'1/2
1942. 2'1/2
1943. 1/2
1944. 6'1/2
1945. 3'1/2
1946. 0
1947. 1'1/2
1948. 4'1/2
1949. 6'1/2
1950. 1'1/2
1951. 1
1952. 1
1953. 5'1/2
1954. 2
1955. 4
1956. 0
1957. 0
1958. 1/2
1959. 2
1960. 0
1961. 2'1/2
1962. 0
1963. 4'1/2
1964. 2'1/2
1965. 1
1966. 3'1/2
1967. 1'1/2
1968. 2'1/2
1969. 4
1970. 3
1971. 6
1972. 1/2
1973. 1'1/2
1974. 4
1975. 3
1976. 1/2
1977. 1
1978. 2
1979. 4'1/2
1980. 1/2
1981. 1/2
1982. 5'1/2
1983. 1
1984. 2
1985. 0
1986. 0
1987. 0
1988. 1/2
1989. 2
1990. 4
1991. 3
1992. 2'1/2
1993. 1/2
1994. 2
1995. 2
1996. 1
1997. 0
1998. 3
1999. 0
2000. 1
2001. 3
2002. 0
2003. 1'1/2
2004. 3
2005. 0
2006. 0
2007. 1/2
2008. 0
2009. 0
2010. 1
2011. 1
2012. 3
2013. 2'1/2
2014. 0
2015. 1
2016. 6
2017. 0
2018. 0
2019. 0
2020. 0
2021. 2
2022. 0
2023. 2
2024. 0
2025. 3
2026. 1
2027. 4
2028. 0
2029. 1
2030. 1/2
2031. 0
2032. 1
2033. 4
2034. 0
2035. 8
2036. 0
2037. 0
2038. 1'1/2
2039. 3
2040. 3
2041. 1
2042. 0
2043. 3'1/2
2044. 1
2045. 0
2046. 2
2047. 7
2048. 1/2
2049. 5'1/2
2050. 2
2051. 2
2052. 5
2053. 1'1/2
2054. 1'1/2
2055. 1/2
2056. 4
2057. 1'1/2
2058. 2'1/2
2059. 4
2060. 0
2061. 2
2062. 4
2063. 0
2064. 1'1/2
2065. 7
2066. 0
2067. 0
2068. 1
2069. 0
2070. 3'1/2
2071. 2
2072. 5'1/2
2073. 0
2074. 0
2075. 0
2076. 2'1/2
2077. 0
2078. 1
2079. 1/2
2080. 1'1/2
2081. 0
2082. 1'1/2
2083. 2
2084. 0
2085. 1/2
2086. 4'1/2
2087. 2
2088. 0
2089. 2'1/2
2090. 2
2091. 1/2
2092. 2'1/2
2093. 0
2094. 3
2095. 3'1/2
2096. 6'1/2
2097. 2'1/2
2098. 2'1/2
2099. 2
2100. 1/2
2101. 5'1/2
2102. 1'1/2
2103. 4
2104. 2'1/2
2105. 0
2106. 2
2107. 0
2108. 5
2109. 6
2110. 6
2111. 0
2112. 1
2113. 1
2114. 6'1/2
2115. 3
2116. 2'1/2
2117. 3
2118. 4
2119. 2
2120. 4'1/2
2121. 1/2
2122. 1
2123. 1
2124. 5
2125. 4'1/2
2126. 0
2127. 2'1/2
2128. 6
2129. 2
2130. 1/2
2131. 1
2132. 2
2133. 6
2134. 4'1/2
2135. 0
2136. 2
2137. 1
2138. 3
2139. 2'1/2
2140. 3
2141. 5
2142. 3'1/2
2143. 1
2144. 4'1/2
2145. 2'1/2
2146. 3
2147. 1'1/2
2148. 0
2149. 1
2150. 2'1/2
2151. 2
2152. 0
2153. 1/2
2154. 3
2155. 6
2156. 4
2157. 2
2158. 3'1/2
2159. 2'1/2
2160. 2'1/2
2161. 5'1/2
2162. 2'1/2
2163. 1/2
2164. 1
2165. 3'1/2
2166. 0
2167. 5'1/2
2168. 0
2169. 1/2
2170. 5
2171. 1
2172. 2
2173. 0
2174. 1'1/2
2175. 0
2176. 4
2177. 4'1/2
2178. 3
2179. 1/2
2180. 0
2181. 4'1/2
2182. 1
2183. 2
2184. 2'1/2
2185. 5
2186. 1
2187. 1
2188. 1'1/2
2189. 2
2190. 1/2
2191. 1/2
2192. 3
2193. 0
2194. 1
2195. 1
2196. 4
2197. 1'1/2
2198. 1
2199. 4
2200. 2'1/2
2201. 5'1/2
2202. 2
2203. 0
2204. 2
2205. 0
2206. 1'1/2
2207. 2
2208. 3
2209. 1
2210. 2'1/2
2211. 6
2212. 1/2
2213. 1
2214. 3'1/2
2215. 5'1/2
2216. 5'1/2
2217. 1/2
2218. 3
2219. 3
2220. 4'1/2
2221. 4'1/2
2222. 3'1/2
2223. 2
2224. 4
2225. 2'1/2
2226. 1/2
2227. 4
2228. 1
2229. 4
2230. 0
2231. 2
2232. 5
2233. 0
2234. 4
2235. 2
2236. 3'1/2
2237. 5'1/2
2238. 1'1/2
2239. 2
2240. 2'1/2
2241. 0
2242. 3
2243. 1'1/2
2244. 2
2245. 4
2246. 5
2247. 2
2248. 1
2249. 1
2250. 1'1/2
2251. 1/2
2252. 1
2253. 4
2254. 0
2255. 1'1/2
2256. 5
2257. 1
2258. 2
2259. 3'1/2
2260. 3
2261. 0
2262. 0
2263. 1
2264. 3'1/2
2265. 1
2266. 1
2267. 1/2
2268. 1
2269. 1'1/2
2270. 1/2
2271. 2
2272. 1
2273. 3
2274. 3'1/2
2275. 0
2276. 1
2277. 1
2278. 5
2279. 1
2280. 0
2281. 1
2282. 1
2283. 0
2284. 3
2285. 2
2286. 5'1/2
2287. 4
2288. 2
2289. 3
2290. 1/2
2291. 0
2292. 4
2293. 1'1/2
2294. 2
2295. 3'1/2
2296. 1
2297. 1
2298. 1
2299. 2'1/2
2300. 1
2301. 1
2302. 3
2303. 4'1/2
2304. 2
2305. 8'1/2
2306. 3'1/2
2307. 1'1/2
2308. 4
2309. 0
2310. 1
2311. 1/2
2312. 1
2313. 6
2314. 0
2315. 3'1/2
2316. 4
2317. 1'1/2
2318. 1
2319. 1
2320. 2
2321. 2'1/2
2322. 4
2323. 4
2324. 5
2325. 0
2326. 0
2327. 4'1/2
2328. 0
2329. 1
2330. 5
2331. 3'1/2
2332. 7
2333. 5'1/2
2334. 0
2335. 2
2336. 1
2337. 4'1/2
2338. 1/2
2339. 4
2340. 2'1/2
2341. 0
2342. 0
2343. 2'1/2
2344. 5
2345. 2
2346. 1'1/2
2347. 4
2348. 6'1/2
2349. 1
2350. 1/2
2351. 1
2352. 0
2353. 0
2354. 1
2355. 2
2356. 6
2357. 0
2358. 4
2359. 3
2360. 0
2361. 1/2
2362. 1
2363. 0
2364. 2
2365. 3'1/2
2366. 1'1/2
2367. 4'1/2
2368. 1'1/2
2369. 0
2370. 2'1/2
2371. 2
2372. 1
2373. 2
2374. 1'1/2
2375. 1
2376. 1/2
2377. 2'1/2
2378. 3
2379. 8
2380. 2/3
2381. 1/2
2382. 0
2383. 3
2384. 3'1/2
2385. 1
2386. 1
2387. 1/2
2388. 0
2389. 1'1/2
2390. 2'1/2
2391. 4'1/2
2392. 3
2393. 1/2
2394. 1/2
2395. 1/2
2396. 4'1/2
2397. 1
2398. 0
2399. 0
2400. 5
2401. 4'1/2
2402. 1
2403. 0
2404. 0
2405. 1'1/2
2406. 1
2407. 1/2
2408. 1
2409. 2
2410. 0
2411. 1
2412. 0
2413. 0
2414. 2
2415. 4
2416. 0
2417. 2
2418. 1'1/2
2419. 5'1/2
2420. 1/2
2421. 1'1/2
2422. 1
2423. 1
2424. 1'1/2
2425. 5
2426. 2
2427. 2'1/2
2428. 0
2429. 1'1/2
2430. 3
2431. 0
2432. 2
2433. 3'1/2
2434. 0
2435. 0
2436. 0
2437. 3
2438. 3
2439. 5
2440. 1/2
2441. 7
2442. 2
2443. 4
2444. 1
2445. 5
2446. 3'1/2
2447. 1
2448. 0
2449. 2
2450. 0
2451. 1
2452. 2
2453. 3
2454. 2
2455. 1
2456. 3
2457. 1/2
2458. 3
2459. 0
2460. 7'1/2
2461. 2'1/2
2462. 0
2463. 7'1/2
2464. 1
2465. 2
2466. 2
2467. 3
2468. 1
2469. 1/2
2470. 4
2471. 1/2
2472. 1/2
2473. 1
2474. 1'1/2
2475. 0
2476. 1/2
2477. 0
2478. 4
2479. 2
2480. 4
2481. 1
2482. 1/2
2483. 0
2484. 1'1/2
2485. 1
2486. 4
2487. 2
2488. 1
2489. 1/2
2490. 7
2491. 1/2
2492. 5
2493. 8
2494. 4
2495. 1/2
2496. 5
2497. 2
2498. 1'1/2
2499. 1
2500. 0
2501. 4'1/2
2502. 3
2503. 1/2
2504. 2'1/2
2505. 1/2
2506. 2
2507. 2
2508. 2
2509. 1/2
2510. 4'1/2
2511. 2
2512. 1
2513. 2
2514. 0
2515. 2'1/2
2516. 1'1/2
2517. 2
2518. 2'1/2
2519. 2'1/2
2520. 2
2521. 1'1/2
2522. 5
2523. 1
2524. 1
2525. 4
2526. 1/2
2527. 0
2528. 4
2529. 0
2530. 1'1/2
2531. 2'1/2
2532. 0
2533. 0
2534. 1/2
2535. 2
2536. 2'1/2
2537. 2
2538. 2'1/2
2539. 4
2540. 1'1/2
2541. 2
2542. 1
2543. 1
2544. 1/4
2545. 0
2546. 0
2547. 1
2548. 3
2549. 1
2550. 3'1/2
2551. 2
2552. 3'1/2
2553. 1
2554. 0
2555. 1
2556. 0
2557. 1'1/2
2558. 3'1/2
2559. 0
2560. 5'1/2
2561. 0
2562. 1'1/2
2563. 3'1/2
2564. 1/2
2565. 1
2566. 2'1/2
2567. 2
2568. 0
2569. 3
2570. 1/2
2571. 3
2572. 0
2573. 0
2574. 1
2575. 0
2576. 0
2577. 5
2578. 0
2579. 1/2
2580. 4
2581. 2
2582. 5
2583. 0
2584. 2
2585. 3'1/2
2586. 1
2587. 3
2588. 2'1/2
2589. 4
2590. 0
2591. 6
2592. 3
2593. 3
2594. 2
2595. 2'1/2
2596. 1/2
2597. 3
2598. 6
2599. 1
2600. 0
2601. 2
2602. 3'1/2
2603. 7
2604. 3
2605. 1'1/2
2606. 4'1/2
2607. 3
2608. 1
2609. 3'1/2
2610. 0
2611. 0
2612. 2'1/2
2613. 2
2614. 4'1/2
2615. 2
2616. 1
2617. 5
2618. 2'1/2
2619. 2
2620. 3'1/2
2621. 2'1/2
2622. 8'1/2
2623. 2
2624. 2
2625. 2
2626. 0
2627. 1/2
2628. 2'1/2
2629. 2'1/2
2630. 0
2631. 1/2
2632. 2'1/2
2633. 2'1/2
2634. 1'1/2
2635. 0
2636. 2
2637. 2
2638. 5
2639. 2'1/2
2640. 3'1/2
2641. 1/2
2642. 0
2643. 2'1/2
2644. 3'1/2
2645. 1
2646. 5'1/2
2647. 2
2648. 3
2649. 2
2650. 4'1/2
2651. 2'1/2
2652. 2
2653. 4
2654. 1
2655. 2
2656. 4
2657. 2'1/2
2658. 4
2659. 6'1/2
2660. 3
2661. 2
2662. 0
2663. 6
2664. 2
2665. 6'1/2
2666. 0
2667. 2'1/2
2668. 0
2669. 1/2
2670. 1
2671. 2'1/2
2672. 0
2673. 5
2674. 2'1/2
2675. 1/2
2676. 2
2677. 5'1/2
2678. 2
2679. 1/2
2680. 0
2681. 2
2682. 5
2683. 0
2684. 2
2685. 1/2
2686. 3'1/2
2687. 1'1/2
2688. 2'1/2
2689. 1
2690. 2'1/2
2691. 6
2692. 1'2/3
2693. 5'1/2
2694. 2'1/2
2695. 1/2
2696. 1/2
2697. 1
2698. 4
2699. 3'1/2
2700. 0
2701. 3'1/2
2702. 2
2703. 2
2704. 1/2
2705. 4
2706. 1
2707. 0
2708. 3'1/2
2709. 4'1/2
2710. 1/2
2711. 0
2712. 1'1/3
2713. 2
2714. 2'1/2
2715. 3
2716. 1'1/2
2717. 7
2718. 3
2719. 3'1/2
2720. 3
2721. 1
2722. 1
2723. 1/2
2724. 0
2725. 6
2726. 2'1/2
2727. 1/2
2728. 1'1/2
2729. 0
2730. 1'1/2
2731. 0
2732. 2'1/2
2733. 2
2734. 3'1/2
2735. 0
2736. 4'1/2
2737. 5
2738. 0
2739. 0
2740. 6
2741. 1
2742. 1
2743. 3'1/2
2744. 2
2745. 3
2746. 6'1/2
2747. 1'1/2
2748. 1'1/2
2749. 3'1/2
2750. 0
2751. 2'1/2
2752. 1
2753. 0
2754. 2
2755. 0
2756. 8
2757. 1
2758. 3'1/2
2759. 0
2760. 1
2761. 6'1/2
2762. 4'1/2
2763. 0
2764. 1'1/4
2765. 0
2766. 1/2
2767. 1/2
2768. 1
2769. 4'1/2
2770. 1
2771. 5'1/2
2772. 2
2773. 1'1/2
2774. 2'1/2
2775. 6
2776. 2
2777. 3
2778. 0
2779. 0
2780. 4'1/2
2781. 0
2782. 1'1/2
2783. 0
2784. 4'1/2
2785. 2'1/2
2786. 0
2787. 0
2788. 1/2
2789. 1
2790. 1'1/2
2791. 4
2792. 1/2
2793. 0
2794. 2
2795. 0
2796. 0
2797. 1
2798. 2'1/2
2799. 0
2800. 1'1/2
2801. 1
2802. 2
2803. 1/2
2804. 3
2805. 1'1/2
2806. 1
2807. 2'1/2
2808. 0
2809. 2
2810. 5'1/2
2811. 1/2
2812. 2
2813. 1/2
2814. 3
2815. 3'1/2
2816. 4
2817. 0
2818. 5
2819. 1
2820. 2'1/2
2821. 3'1/2
2822. 3
2823. 1'1/2
2824. 1
2825. 0
2826. 3'1/2
2827. 0
2828. 2
2829. 5'1/2
2830. 3
2831. 1/2
2832. 2
2833. 2'1/4
2834. 4
2835. 2
2836. 1
2837. 0
2838. 2'1/2
2839. 0
2840. 3'1/2
2841. 1
2842. 0
2843. 0
2844. 3
2845. 2
2846. 1'1/2
2847. 6
2848. 2
2849. 3'1/2
2850. 2
2851. 3
2852. 0
2853. 3
2854. 1
2855. 2'1/2
2856. 8'1/2
2857. 2
2858. 1
2859. 1'1/2
2860. 1'1/2
2861. 1
2862. 0
2863. 2
2864. 2'1/2
2865. 1'1/2
2866. 1'1/2
2867. 4'1/2
2868. 1/2
2869. 2
2870. 1/2
2871. 5'1/2
2872. 3
2873. 2
2874. 7'1/2
2875. 0
2876. 3
2877. 4
2878. 3'1/2
2879. 0
2880. 2'1/2
2881. 2
2882. 2
2883. 2'1/2
2884. 0
2885. 0
2886. 2
2887. 2
2888. 2'1/2
2889. 2
2890. 4
2891. 1/2
2892. 3
2893. 1
2894. 0
2895. 2'1/2
2896. 1'1/2
2897. 1
2898. 3
2899. 3
2900. 1
2901. 5'1/2
2902. 5'1/2
2903. 0
2904. 1'1/2
2905. 2
2906. 5'1/2
2907. 3'1/2
2908. 2
2909. 3
2910. 2
2911. 1'1/2
2912. 1/2
2913. 4
2914. 1'1/2
2915. 4'1/2
2916. 0
2917. 1
2918. 2
2919. 0
2920. 4'1/2
2921. 2
2922. 0
2923. 2
2924. 4
2925. 0
2926. 1
2927. 2
2928. 0
2929. 2
2930. 1/2
2931. 0
2932. 0
2933. 3'1/2
2934. 0
2935. 2
2936. 3'1/2
2937. 2
2938. 1'1/2
2939. 3
2940. 2
2941. 4
2942. 2
2943. 2
2944. 1'1/2
2945. 1'1/2
2946. 3
2947. 1/2
2948. 1/2
2949. 2
2950. 2
2951. 0
2952. 3
2953. 0
2954. 1
2955. 2
2956. 2'1/2
2957. 0
2958. 0
2959. 2'1/2
2960. 0
2961. 1'1/2
2962. 7
2963. 0
2964. 5'1/2
2965. 1
2966. 2
2967. 2'1/2
2968. 2
2969. 1'1/2
2970. 3
2971. 1
2972. 1
2973. 2'1/2
2974. 2
2975. 1
2976. 1/2
2977. 0
2978. 1
2979. 0
2980. 0
2981. 1
2982. 0
2983. 0
2984. 2
2985. 0
2986. 2
2987. 1/2
2988. 2
2989. 1
2990. 1'1/2
2991. 2
2992. 2
2993. 1
2994. 6
2995. 2'1/2
2996. 1
2997. 1'1/2
2998. 1'1/2
2999. 1/2
3000. 1'1/2
3001. 4'1/2
3002. 5
3003. 1
3004. 6
3005. 0
3006. 5'1/2
3007. 2'1/2
3008. 1/2
3009. 3'1/2
3010. 0
3011. 1'1/2
3012. 1
3013. 1'1/2
3014. 2'1/2
3015. 4
3016. 3'1/2
3017. 1/2
3018. 1'1/2
3019. 5
3020. 2'1/2
3021. 1
3022. 0
3023. 5'1/2
3024. 2'1/2
3025. 2
3026. 2'1/2
3027. 1
3028. 2
3029. 3
3030. 1'1/2
3031. 1/2
3032. 1
3033. 3
3034. 1
3035. 0
3036. 1
3037. 8
3038. 2
3039. 1'1/2
3040. 2'1/2
3041. 0
3042. 1'1/2
3043. 2
3044. 3
3045. 1
3046. 3'1/2
3047. 1/2
3048. 2
3049. 0
3050. 1
3051. 2
3052. 1'1/2
3053. 2
3054. 2'1/2
3055. 2'1/2
3056. 2
3057. 2
3058. 0
3059. 4'1/2
3060. 1'1/2
3061. 1
3062. 0
3063. 3
3064. 2
3065. 0
3066. 2
3067. 2
3068. 2
3069. 2
3070. 1'1/2
3071. 0
3072. 3'1/2
3073. 2'1/2
3074. 4'1/2
3075. 0
3076. 2
3077. 2
3078. 0
3079. 5'1/2
3080. 0
3081. 2'1/2
3082. 1'1/2
3083. 2
3084. 3
3085. 2
3086. 6'1/2
3087. 3
3088. 0
3089. 1/2
3090. 3'1/2
3091. 4'1/2
3092. 2
3093. 2'1/2
3094. 1
3095. 4'1/2
3096. 2
3097. 0
3098. 2
3099. 1'1/2
3100. 2
3101. 0
3102. 1
3103. 4
3104. 5'1/2
3105. 1/2
3106. 0
3107. 3
3108. 3
3109. 0
3110. 0
3111. 2'1/2
3112. 4'1/2
3113. 1/2
3114. 2
3115. 1
3116. 3
3117. 1/2
3118. 3
3119. 3
3120. 0
3121. 3'1/2
3122. 1
3123. 2
3124. 0
3125. 1/2
3126. 4'1/2
3127. 0
3128. 2'1/2
3129. 4
3130. 2
3131. 0
3132. 2
3133. 4
3134. 2
3135. 2'1/2
3136. 6
3137. 3
3138. 2'1/2
3139. 1'1/2
3140. 2
3141. 1/2
3142. 1/2
3143. 1
3144. 1
3145. 1/2
3146. 3
3147. 3
3148. 0
3149. 4
3150. 3'1/2
3151. 2'1/2
3152. 3'1/2
3153. 2'1/2
3154. 1/2
3155. 0
3156. 0
3157. 1
3158. 4
3159. 1/2
3160. 5
3161. 2
3162. 2'1/2
3163. 3
3164. 1
3165. 0
3166. 4
3167. 4
3168. 3'1/2
3169. 0
3170. 1/2
3171. 4
3172. 3
3173. 3
3174. 2
3175. 2
3176. 2
3177. 3'1/2
3178. 4
3179. 2'1/2
3180. 2
3181. 1/2
3182. 2
3183. 1'1/2
3184. 6
3185. 3'1/2
3186. 2
3187. 1
3188. 0
3189. 0
3190. 1/2
3191. 2
3192. 1
3193. 1
3194. 6'1/2
3195. 2'1/2
3196. 0
3197. 2
3198. 0
3199. 3'1/2
3200. 0
3201. 5'1/2
3202. 2
3203. 1'1/2
3204. 1
3205. 3'1/2
3206. 5'1/2
3207. 2
3208. 5'1/2
3209. 3
3210. 0
3211. 5'1/2
3212. 1'1/2
3213. 2
3214. 0
3215. 2
3216. 3'1/2
3217. 3'1/2
3218. 0
3219. 5'1/2
3220. 0
3221. 7'1/2
3222. 5'1/2
3223. 3
3224. 1/2
3225. 4
3226. 2
3227. 1/2
3228. 2
3229. 2
3230. 1
3231. 1'1/2
3232. 5
3233. 1/2
3234. 2
3235. 1/2
3236. 2
3237. 1'1/2
3238. 0
3239. 1
3240. 3
3241. 1
3242. 4
3243. 1'1/2
3244. 1
3245. 4
3246. 1
3247. 0
3248. 3
3249. 1'1/2
3250. 1
3251. 1
3252. 0
3253. 3'1/2
3254. 0
3255. 1'1/2
3256. 3
3257. 1'1/2
3258. 2
3259. 5
3260. 5
3261. 1
3262. 1'1/2
3263. 0
3264. 4
3265. 0
3266. 2'1/2
3267. 8
3268. 0
3269. 2'1/2
3270. 1
3271. 8
3272. 1'1/2
3273. 5'1/2
3274. 3'1/2
3275. 5
3276. 1'1/2
3277. 1'1/2
3278. 4
3279. 3'1/2
3280. 2
3281. 7
3282. 3
3283. 2
3284. 2
3285. 2
3286. 0
3287. 2
3288. 1
3289. 1
3290. 0
3291. 4'1/2
3292. 4
3293. 5
3294. 3'1/2
3295. 4'1/2
3296. 2'1/2
3297. 4
3298. 3'1/2
3299. 0
3300. 4
3301. 0
3302. 7
3303. 3
3304. 1/2
3305. 3'1/2
3306. 1
3307. 0
3308. 1/2
3309. 3
3310. 2
3311. 3
3312. 2
3313. 3'1/2
3314. 1'1/2
3315. 8'1/2
3316. 0
3317. 1/2
3318. 1/2
3319. 3'1/2
3320. 1'1/2
3321. 1/2
3322. 4'1/2
3323. 4
3324. 1'1/2
3325. 3
3326. 2'1/2
3327. 1
3328. 1'1/2
3329. 3'1/2
3330. 3
3331. 2
3332. 0
3333. 0
3334. 0
3335. 4
3336. 5'1/2
3337. 2'1/2
3338. 0
3339. 1
3340. 1/2
3341. 2'1/2
3342. 4
3343. 0
3344. 2
3345. 1/2
3346. 0
3347. 1'1/2
3348. 5
3349. 2'1/2
3350. 2
3351. 3/4
3352. 0
3353. 1/2
3354. 2'1/2
3355. 1
3356. 0
3357. 3
3358. 0
3359. 4
3360. 2
3361. 1/2
3362. 3'1/2
3363. 0
3364. 1'1/2
3365. 2
3366. 6
3367. 3'1/2
3368. 1
3369. 3'1/2
3370. 3
3371. 0
3372. 1/2
3373. 2'1/2
3374. 2
3375. 0
3376. 1
3377. 2
3378. 2
3379. 2'1/2
3380. 1
3381. 1
3382. 2
3383. 2
3384. 6
3385. 6'1/2
3386. 3
3387. 1'1/2
3388. 1/2
3389. 4
3390. 2'1/2
3391. 0
3392. 3'1/2
3393. 8
3394. 0
3395. 1
3396. 1'1/2
3397. 4
3398. 6'1/2
3399. 2
3400. 6
3401. 1
3402. 4
3403. 4
3404. 5
3405. 3'1/2
3406. 4
3407. 1
3408. 2
3409. 3
3410. 1
3411. 0
3412. 3
3413. 2
3414. 9
3415. 0
3416. 1/2
3417. 2
3418. 2
3419. 1
3420. 1
3421. 4'1/2
3422. 1
3423. 4
3424. 3
3425. 2
3426. 3'1/2
3427. 1'1/2
3428. 0
3429. 1/2
3430. 0
3431. 3
3432. 0
3433. 1
3434. 4
3435. 1
3436. 0
3437. 1'1/2
3438. 2
3439. 5
3440. 1'1/2
3441. 2
3442. 1/2
3443. 0
3444. 3
3445. 2
3446. 4
3447. 2
3448. 4'1/2
3449. 0
3450. 1/2
3451. 3
3452. 2
3453. 1
3454. 2
3455. 5
3456. 1'1/2
3457. 2'1/2
3458. 2
3459. 4'1/2
3460. 1
3461. 4'1/2
3462. 4
3463. 2
3464. 1/2
3465. 1
3466. 0
3467. 0
3468. 2
3469. 1'1/2
3470. 1
3471. 2
3472. 1'1/2
3473. 2
3474. 1/2
3475. 1
3476. 3'1/2
3477. 5
3478. 2'1/2
3479. 0
3480. 1'1/2
3481. 2'1/2
3482. 0
3483. 7
3484. 3'1/2
3485. 0
3486. 3'1/2
3487. 3
3488. 1
3489. 2
3490. 3
3491. 1/2
3492. 2'1/2
3493. 4
3494. 0
3495. 1/2
3496. 2
3497. 1/2
3498. 1
3499. 1
3500. 3
3501. 2
3502. 1'1/2
3503. 2
3504. 2
3505. 2
3506. 2
3507. 1
3508. 3
3509. 4'1/2
3510. 3'1/2
3511. 0
3512. 0
3513. 2'1/2
3514. 1'1/2
3515. 0
3516. 2
3517. 0
3518. 0
3519. 1/2
3520. 8'1/2
3521. 3'1/2
3522. 2
3523. 2
3524. 4'1/2
3525. 3'1/2
3526. 1
3527. 4
3528. 5
3529. 3
3530. 4
3531. 1'1/2
3532. 2'1/2
3533. 0
3534. 0
3535. 1
3536. 2'1/2
3537. 3'1/2
3538. 2
3539. 3'1/2
3540. 2
3541. 4'1/2
3542. 1
3543. 5
3544. 5'1/2
3545. 1/2
3546. 4
3547. 2
3548. 1'1/2
3549. 5
3550. 4
3551. 3
3552. 3
3553. 2'1/2
3554. 1
3555. 1/2
3556. 1
3557. 4
3558. 1'1/2
3559. 1/2
3560. 1'1/2
3561. 3
3562. 2
3563. 2
3564. 3'1/2
3565. 0
3566. 2
3567. 2
3568. 3'1/2
3569. 4'1/2
3570. 3'1/2
3571. 0
3572. 0
3573. 6
3574. 3'1/2
3575. 0
3576. 1'1/2
3577. 4'1/2
3578. 3'1/2
3579. 2'1/2
3580. 6
3581. 0
3582. 1'1/2
3583. 4'1/2
3584. 1
3585. 0
3586. 0
3587. 0
3588. 0
3589. 1
3590. 1'1/2
3591. 1
3592. 1/2
3593. 4
3594. 3'1/2
3595. 5
3596. 1/2
3597. 3
3598. 2'1/2
3599. 4
3600. 6
3601. 1
3602. 1
3603. 1'1/2
3604. 0
3605. 2'1/2
3606. 1'1/2
3607. 5
3608. 3
3609. 1
3610. 4
3611. 4
3612. 2
3613. 0
3614. 3'1/2
3615. 1
3616. 1'1/2
3617. 1/2
3618. 2'1/2
3619. 0
3620. 4'1/2
3621. 1
3622. 0
3623. 4
3624. 2
3625. 1
3626. 2
3627. 4
3628. 1'1/2
3629. 0
3630. 4
3631. 1/2
3632. 1/2
3633. 0
3634. 4'1/2
3635. 0
3636. 2'1/2
3637. 1'1/2
3638. 2'1/2
3639. 1/2
3640. 0
3641. 2
3642. 2
3643. 0
3644. 2
3645. 2
3646. 1'1/2
3647. 1/2
3648. 1'1/2
3649. 1'1/2
3650. 4
3651. 2'1/2
3652. 1'1/2
3653. 4
3654. 1'1/2
3655. 0
3656. 0
3657. 5
3658. 3'1/2
3659. 2
3660. 3'1/2
3661. 4'1/2
3662. 2'1/2
3663. 2
3664. 3
3665. 2'2/3
3666. 0
3667. 5'1/2
3668. 4
3669. 4
3670. 1
3671. 6
3672. 5
3673. 1
3674. 6
3675. 0
3676. 4
3677. 1/2
3678. 2'1/2
3679. 1/2
3680. 3
3681. 1/2
3682. 2'1/2
3683. 0
3684. 1'1/2
3685. 1'1/2
3686. 0
3687. 1'1/2
3688. 1/2
3689. 7
3690. 3'1/2
3691. 0
3692. 3
3693. 2'1/2
3694. 2'1/2
3695. 4
3696. 0
3697. 0
3698. 2
3699. 1'1/2
3700. 0
3701. 6
3702. 2
3703. 4
3704. 4
3705. 4'1/2
3706. 3
3707. 4'1/2
3708. 1/2
3709. 1
3710. 5
3711. 1'1/2
3712. 4
3713. 1
3714. 4
3715. 1/2
3716. 1'1/2
3717. 1/2
3718. 2
3719. 2'1/2
3720. 0
3721. 5'1/2
3722. 2
3723. 1/2
3724. 4
3725. 1'1/2
3726. 2
3727. 2
3728. 2'1/2
3729. 2'1/2
3730. 1/2
3731. 0
3732. 0
3733. 0
3734. 6'1/2
3735. 3
3736. 3
3737. 0
3738. 3
3739. 1
3740. 4'1/2
3741. 1
3742. 1
3743. 0
3744. 0
3745. 1/2
3746. 1/2
3747. 0
3748. 1'1/2
3749. 1/2
3750. 1/2
3751. 2
3752. 3'1/2
3753. 3
3754. 2
3755. 3'1/2
3756. 1/2
3757. 0
3758. 0
3759. 2'1/2
3760. 2
3761. 0
3762. 2'1/2
3763. 0
3764. 3
3765. 0
3766. 3
3767. 4
3768. 4'1/2
3769. 2
3770. 5'1/2
3771. 2'1/2
3772. 1'1/2
3773. 5
3774. 4
3775. 1'1/2
3776. 3'1/2
3777. 2
3778. 4
3779. 5'1/2
3780. 3'1/2
3781. 1'1/2
3782. 3
3783. 0
3784. 0
3785. 3
3786. 0
3787. 2
3788. 0
3789. 1
3790. 1
3791. 3
3792. 2
3793. 1
3794. 0
3795. 1'1/2
3796. 1/2
3797. 0
3798. 4
3799. 0
3800. 1
3801. 0
3802. 2'1/2
3803. 1
3804. 2
3805. 2
3806. 1/2
3807. 5'1/2
3808. 1/2
3809. 3
3810. 0
3811. 4
3812. 1/2
3813. 1
3814. 3
3815. 3'1/2
3816. 1
3817. 2
3818. 1
3819. 2'1/2
3820. 5
3821. 0
3822. 2
3823. 3'1/2
3824. 1
3825. 8
3826. 4'1/2
3827. 1/2
3828. 1
3829. 2
3830. 1'1/2
3831. 0
3832. 4'1/2
3833. 1
3834. 2
3835. 2
3836. 3
3837. 1
3838. 1/2
3839. 5'1/2
3840. 1
3841. 2
3842. 1'1/2
3843. 2
3844. 3'1/2
3845. 2
3846. 4
3847. 1
3848. 2
3849. 1
3850. 7
3851. 2'1/2
3852. 1
3853. 3
3854. 1'1/2
3855. 1
3856. 1/2
3857. 4
3858. 4'1/2
3859. 1'1/2
3860. 4
3861. 2'1/2
3862. 4'1/2
3863. 2'1/2
3864. 1/2
3865. 1
3866. 4
3867. 3
3868. 1/2
3869. 0
3870. 3
3871. 2'1/2
3872. 0
3873. 0
3874. 4
3875. 0
3876. 4'1/2
3877. 1/2
3878. 1
3879. 1
3880. 1
3881. 0
3882. 7
3883. 1/2
3884. 2'1/2
3885. 2
3886. 4
3887. 2
3888. 1
3889. 5'1/2
3890. 4
3891. 0
3892. 1
3893. 1'1/2
3894. 3'1/2
3895. 3
3896. 6
3897. 0
3898. 2
3899. 6
3900. 1
3901. 1
3902. 1/2
3903. 3
3904. 2'1/2
3905. 1
3906. 0
3907. 1
3908. 1'1/2
3909. 2'1/2
3910. 1
3911. 3
3912. 0
3913. 1'1/2
3914. 0
3915. 1'1/2
3916. 2
3917. 1
3918. 3
3919. 4
3920. 5
3921. 3
3922. 8
3923. 1/2
3924. 1'1/2
3925. 1
3926. 3'1/2
3927. 1
3928. 3
3929. 5
3930. 0
3931. 1/2
3932. 1
3933. 1
3934. 0
3935. 3
3936. 1'1/2
3937. 0
3938. 2
3939. 3
3940. 4
3941. 0
3942. 2
3943. 5
3944. 1
3945. 2
3946. 2'1/2
3947. 2
3948. 1
3949. 3
3950. 2
3951. 1
3952. 4
3953. 1
3954. 0
3955. 4
3956. 4'1/2
3957. 3'1/2
3958. 1/2
3959. 7'1/2
3960. 1'1/2
3961. 2
3962. 3
3963. 2'1/2
3964. 0
3965. 4'1/2
3966. 3
3967. 3'1/2
3968. 2'1/2
3969. 4'1/2
3970. 3'1/2
3971. 3
3972. 1'1/2
3973. 1/2
3974. 5'1/2
3975. 4
3976. 2'1/2
3977. 2'1/2
3978. 1
3979. 0
3980. 1'1/2
3981. 1'1/2
3982. 1/2
3983. 3'1/2
3984. 1/2
3985. 1'1/2
3986. 0
3987. 0
3988. 2'1/2
3989. 5
3990. 0
3991. 4
3992. 2
3993. 0
3994. 2
3995. 8
3996. 0
3997. 1/2
3998. 1
3999. 2'1/2
4000. 2
4001. 5'1/2
4002. 1
4003. 5'1/2
4004. 3'1/2
4005. 4
4006. 4'1/2
4007. 1
4008. 4
4009. 3
4010. 1
4011. 0
4012. 4'1/2
4013. 1'1/2
4014. 3'1/2
4015. 4
4016. 2'1/2
4017. 2
4018. 1
4019. 0
4020. 2'1/2
4021. 0
4022. 1'1/2
4023. 1
4024. 0
4025. 0
4026. 6'1/2
4027. 2
4028. 3
4029. 1
4030. 0
4031. 8
4032. 4
4033. 3
4034. 4'1/2
4035. 5
4036. 5
4037. 1'1/2
4038. 4
4039. 0
4040. 0
4041. 1/2
4042. 0
4043. 4'1/2
4044. 2
4045. 0
4046. 2'1/2
4047. 1
4048. 0
4049. 4'1/2
4050. 5'1/2
4051. 2
4052. 0
4053. 1
4054. 1'1/2
4055. 4'1/2
4056. 1'1/2
4057. 2
4058. 2'1/2
4059. 2'1/2
4060. 3
4061. 5'1/2
4062. 1
4063. 2
4064. 3'1/2
4065. 1'1/2
4066. 1'1/2
4067. 3
4068. 0
4069. 1'1/2
4070. 0
4071. 1
4072. 0
4073. 0
4074. 1'1/2
4075. 1'1/2
4076. 2'1/2
4077. 4'1/2
4078. 0
4079. 1/2
4080. 4
4081. 0
4082. 0
4083. 3
4084. 5
4085. 1'1/2
4086. 1
4087. 1/2
4088. 1'1/2
4089. 1/2
4090. 2
4091. 1'1/2
4092. 1'1/2
4093. 7
4094. 1
4095. 0
4096. 2'1/2
4097. 5'1/2
4098. 4
4099. 2'1/2
4100. 4'1/2
4101. 2
4102. 3'1/2
4103. 3
4104. 5
4105. 2
4106. 4'1/2
4107. 1'1/2
4108. 4
4109. 1/2
4110. 1
4111. 0
4112. 3
4113. 0
4114. 1'1/2
4115. 4
4116. 1/2
4117. 0
4118. 1
4119. 2
4120. 2'1/2
4121. 5'1/2
4122. 1
4123. 2
4124. 2
4125. 1'1/2
4126. 3'1/2
4127. 3
4128. 1
4129. 4
4130. 1
4131. 0
4132. 1/2
4133. 1/2
4134. 3
4135. 4'1/2
4136. 6'1/2
4137. 1
4138. 0
4139. 0
4140. 7'1/2
4141. 1'1/2
4142. 2
4143. 3
4144. 4'1/2
4145. 3'1/2
4146. 1
4147. 4'1/2
4148. 1
4149. 1'1/2
4150. 1
4151. 1'1/2
4152. 1
4153. 5'1/2
4154. 1'1/2
4155. 3
4156. 2'1/2
4157. 2
4158. 4
4159. 1
4160. 1'1/2
4161. 1
4162. 4'1/2
4163. 0
4164. 4
4165. 2
4166. 1
4167. 1/2
4168. 0
4169. 1/2
4170. 5
4171. 3'1/2
4172. 1/2
4173. 1
4174. 0
4175. 4'1/2
4176. 8
4177. 1/2
4178. 7'1/2
4179. 2
4180. 3'1/2
4181. 2
4182. 1/2
4183. 1'1/2
4184. 3
4185. 1
4186. 4'1/2
4187. 2'1/2
4188. 1'1/2
4189. 4
4190. 0
4191. 1
4192. 3'1/2
4193. 0
4194. 0
4195. 2'1/2
4196. 5'1/2
4197. 0
4198. 1
4199. 6
4200. 5
4201. 2
4202. 2'1/2
4203. 3
4204. 4'1/2
4205. 3
4206. 2'1/2
4207. 2
4208. 2'1/2
4209. 2
4210. 0
4211. 2
4212. 1/2
4213. 1
4214. 0
4215. 2
4216. 3'1/2
4217. 5
4218. 7
4219. 4
4220. 2'1/2
4221. 0
4222. 1
4223. 6
4224. 1
4225. 4'1/2
4226. 7
4227. 0
4228. 0
4229. 0
4230. 1
4231. 5
4232. 3
4233. 4
4234. 2'1/2
4235. 0
4236. 3'1/2
4237. 3
4238. 1/2
4239. 1
4240. 16
4241. 1'1/2
4242. 1'1/2
4243. 4'1/2
4244. 2'1/2
4245. 2
4246. 1
4247. 1
4248. 1
4249. 4
4250. 5
4251. 0
4252. 1
4253. 3
4254. 2
4255. 3
4256. 1/2
4257. 3
4258. 4
4259. 3
4260. 1'1/2
4261. 1
4262. 1/2
4263. 2'1/2
4264. 4
4265. 3
4266. 0
4267. 0
4268. 0
4269. 0
4270. 1/2
4271. 0
4272. 2'1/2
4273. 1/2
4274. 2'1/2
4275. 1/2
4276. 1
4277. 9
4278. 3
4279. 0
4280. 2
4281. 1
4282. 2
4283. 2'1/2
4284. 2
4285. 1'1/2
4286. 6
4287. 1
4288. 4
4289. 3
4290. 4'1/2
4291. 1
4292. 1/2
4293. 6'1/2
4294. 0
4295. 1
4296. 2
4297. 4
4298. 1
4299. 4
4300. 1'1/2
4301. 1'1/2
4302. 0
4303. 3'1/2
4304. 0
4305. 0
4306. 1
4307. 6
4308. 1/2
4309. 1/2
4310. 1
4311. 0
4312. 1
4313. 1'1/2
4314. 1/2
4315. 2'1/2
4316. 4
4317. 1/2
4318. 3
4319. 1
4320. 2
4321. 2
4322. 2
4323. 2
4324. 1
4325. 3'1/2
4326. 7
4327. 2
4328. 1
4329. 2
4330. 2'1/2
4331. 1/2
4332. 4'1/2
4333. 1'1/2
4334. 1/2
4335. 3
4336. 2'1/2
4337. 3'1/2
4338. 2'1/2
4339. 1
4340. 5
4341. 1/4
4342. 1/2
4343. 5
4344. 1
4345. 3'1/2
4346. 1'1/2
4347. 0
4348. 0
4349. 1
4350. 2
4351. 1
4352. 1'1/2
4353. 3'1/2
4354. 1/2
4355. 6'1/2
4356. 1/2
4357. 1/2
4358. 1/2
4359. 1/2
4360. 0
4361. 1/2
4362. 2
4363. 1'1/2
4364. 1
4365. 3'1/2
4366. 3'1/2
4367. 1'1/2
4368. 1/2
4369. 3
4370. 0
4371. 0
4372. 3'1/2
4373. 1'1/2
4374. 2
4375. 1
4376. 2
4377. 1/4
4378. 4
4379. 2
4380. 0
4381. 1/2
4382. 1/2
4383. 3'1/2
4384. 1/2
4385. 1
4386. 7
4387. 1/2
4388. 1'1/2
4389. 5
4390. 2
4391. 4
4392. 1'1/2
4393. 0
4394. 3
4395. 3'1/2
4396. 2
4397. 3
4398. 3'1/2
4399. 0
4400. 1'1/2
4401. 1/2
4402. 3
4403. 0
4404. 0
4405. 5
4406. 1
4407. 0
4408. 2'1/2
4409. 1/2
4410. 0
4411. 1'1/2
4412. 0
4413. 0
4414. 3
4415. 0
4416. 3'1/2
4417. 0
4418. 4
4419. 1
4420. 2
4421. 5
4422. 1/2
4423. 1
4424. 2
4425. 2
4426. 6
4427. 0
4428. 1/2
4429. 3'1/2
4430. 1/2
4431. 1
4432. 2
4433. 1
4434. 1/3
4435. 3
4436. 5
4437. 4
4438. 6
4439. 1/2
4440. 1
4441. 6
4442. 1
4443. 1
4444. 2'1/2
4445. 3'1/2
4446. 8
4447. 1/2
4448. 2
4449. 2
4450. 3
4451. 6
4452. 1
4453. 0
4454. 0
4455. 3
4456. 1
4457. 0
4458. 1/2
4459. 4
4460. 4
4461. 1
4462. 3
4463. 1
4464. 0
4465. 1
4466. 1
4467. 1
4468. 4
4469. 1
4470. 4
4471. 4
4472. 6
4473. 3'1/2
4474. 4
4475. 3'1/2
4476. 2'1/2
4477. 2'1/2
4478. 2'1/2
4479. 0
4480. 1'1/2
4481. 1
4482. 2'1/2
4483. 1
4484. 1'1/2
4485. 3
4486. 1
4487. 5'1/2
4488. 3'1/2
4489. 0
4490. 1/2
4491. 0
4492. 2
4493. 3'1/2
4494. 3'1/2
4495. 1'1/2
4496. 1/2
4497. 5'1/2
4498. 6
4499. 3
4500. 4
4501. 0
4502. 0
4503. 1
4504. 2
4505. 4'1/2
4506. 2
4507. 1'1/2
4508. 0
4509. 2'1/2
4510. 1/2
4511. 1
4512. 0
4513. 2
4514. 4
4515. 4
4516. 2
4517. 3'1/2
4518. 1'1/2
4519. 1'1/2
4520. 0
4521. 2'1/2
4522. 2
4523. 4
4524. 1
4525. 1
4526. 2
4527. 1'1/2
4528. 3'1/2
4529. 2
4530. 0
4531. 3
4532. 2
4533. 5'1/2
4534. 1
4535. 2
4536. 2'1/2
4537. 2
4538. 1/2
4539. 0
4540. 2'1/2
4541. 3
4542. 0
4543. 4
4544. 2'1/2
4545. 2'1/2
4546. 1/2
4547. 1
4548. 3
4549. 1
4550. 0
4551. 1/2
4552. 3
4553. 3
4554. 1
4555. 1'1/2
4556. 3
4557. 4
4558. 0
4559. 6
4560. 1
4561. 1'1/2
4562. 2
4563. 3'1/2
4564. 1
4565. 0
4566. 0
4567. 0
4568. 6
4569. 2
4570. 0
4571. 1
4572. 1'1/2
4573. 1
4574. 12
4575. 2'1/2
4576. 2
4577. 0
4578. 1
4579. 0
4580. 2
4581. 5
4582. 1'1/2
4583. 3'1/2
4584. 1'1/2
4585. 3'1/2
4586. 1/2
4587. 0
4588. 2'1/2
4589. 3'1/2
4590. 0
4591. 4
4592. 2
4593. 1
4594. 0
4595. 4
4596. 1
4597. 4'1/2
4598. 4'1/2
4599. 4
4600. 2
4601. 4
4602. 3
4603. 4'1/2
4604. 2
4605. 1
4606. 1
4607. 3'1/2
4608. 0
4609. 4'1/2
4610. 0
4611. 1'1/2
4612. 1/2
4613. 1/2
4614. 1
4615. 1/2
4616. 4
4617. 2
4618. 2
4619. 1
4620. 3'1/2
4621. 2'1/2
4622. 1
4623. 6
4624. 0
4625. 3
4626. 3'1/2
4627. 0
4628. 0
4629. 1/4
4630. 3
4631. 0
4632. 1
4633. 6'1/2
4634. 4
4635. 3
4636. 1
4637. 4
4638. 2
4639. 0
4640. 3
4641. 3
4642. 1'1/2
4643. 1
4644. 2'1/2
4645. 8
4646. 5'1/2
4647. 4
4648. 1/2
4649. 0
4650. 3'1/2
4651. 1
4652. 4
4653. 8
4654. 1
4655. 2
4656. 2'1/2
4657. 5
4658. 0
4659. 5
4660. 2'1/2
4661. 1
4662. 2'1/2
4663. 3'1/2
4664. 0
4665. 4
4666. 2
4667. 0
4668. 0
4669. 1'1/2
4670. 4
4671. 1/2
4672. 3'1/2
4673. 0
4674. 1
4675. 2
4676. 1'1/2
4677. 2
4678. 1
4679. 1
4680. 1
4681. 4'1/2
4682. 4'1/2
4683. 1
4684. 1'1/2
4685. 1
4686. 4
4687. 0
4688. 2
4689. 0
4690. 1/2
4691. 2'1/2
4692. 0
4693. 6
4694. 1/2
4695. 1/2
4696. 5
4697. 3'1/2
4698. 2
4699. 1/2
4700. 0
4701. 1
4702. 0
4703. 1
4704. 6
4705. 1
4706. 1/2
4707. 0
4708. 2
4709. 3'1/2
4710. 3
4711. 1
4712. 1
4713. 4
4714. 0
4715. 6'1/2
4716. 7'1/2
4717. 3
4718. 2'1/2
4719. 1
4720. 7
4721. 0
4722. 2
4723. 3'1/2
4724. 2'1/2
4725. 3'1/2
4726. 3
4727. 4
4728. 8
4729. 2'1/2
4730. 0
4731. 2'1/2
4732. 4
4733. 0
4734. 3'1/2
4735. 4'1/2
4736. 0
4737. 0
4738. 3'1/2
4739. 1/2
4740. 1'1/2
4741. 2
4742. 3
4743. 2
4744. 3
4745. 1
4746. 0
4747. 2'1/2
4748. 3'1/2
4749. 3
4750. 2
4751. 0
4752. 6
4753. 3'1/2
4754. 2
4755. 0
4756. 4'1/2
4757. 1
4758. 0
4759. 2
4760. 0
4761. 1
4762. 1/2
4763. 2'1/2
4764. 2
4765. 4
4766. 2'1/2
4767. 5
4768. 3
4769. 5
4770. 1'1/2
4771. 7'1/2
4772. 3
4773. 5
4774. 4
4775. 2
4776. 1'1/2
4777. 0
4778. 1'1/2
4779. 1
4780. 3
4781. 4
4782. 5'1/2
4783. 1/2
4784. 1
4785. 2
4786. 2
4787. 4
4788. 1/2
4789. 1
4790. 1/2
4791. 2
4792. 3'1/2
4793. 5
4794. 5
4795. 4'1/2
4796. 2'1/2
4797. 1
4798. 0
4799. 1
4800. 0
4801. 2
4802. 2
4803. 1
4804. 4
4805. 0
4806. 2'1/2
4807. 0
4808. 4'1/2
4809. 0
4810. 4
4811. 4'1/2
4812. 3'1/2
4813. 3'1/2
4814. 6
4815. 2'1/2
4816. 2
4817. 2
4818. 1'1/2
4819. 2'1/2
4820. 2'1/2
4821. 0
4822. 1'1/2
4823. 1
4824. 2'1/2
4825. 1
4826. 4
4827. 4
4828. 8
4829. 2'1/2
4830. 5
4831. 1'1/2
4832. 3
4833. 1/2
4834. 1'1/2
4835. 3
4836. 1
4837. 1'1/2
4838. 2
4839. 0
4840. 1
4841. 4
4842. 6'1/2
4843. 2
4844. 0
4845. 3
4846. 2
4847. 1/2
4848. 2
4849. 1/2
4850. 1/2
4851. 4
4852. 5
4853. 6
4854. 3
4855. 5
4856. 2
4857. 2'1/2
4858. 2
4859. 1'1/2
4860. 3'1/2
4861. 2'1/2
4862. 0
4863. 4
4864. 1'1/2
4865. 1/2
4866. 1/3
4867. 4
4868. 1/2
4869. 1/2
4870. 0
4871. 1/2
4872. 3
4873. 0
4874. 2'1/2
4875. 0
4876. 0
4877. 2
4878. 3
4879. 2
4880. 0
4881. 2'1/2
4882. 1/2
4883. 1/2
4884. 3
4885. 3
4886. 0
4887. 0
4888. 3'1/2
4889. 0
4890. 3'1/2
4891. 2'1/2
4892. 6'1/2
4893. 3
4894. 1
4895. 3'1/2
4896. 5'1/2
4897. 1/2
4898. 0
4899. 4'1/2
4900. 2
4901. 3'1/2
4902. 1'1/2
4903. 3
4904. 2
4905. 3'1/2
4906. 4
4907. 1
4908. 1
4909. 1/2
4910. 1/2
4911. 1/2
4912. 6'1/2
4913. 0
4914. 4
4915. 0
4916. 1
4917. 6
4918. 0
4919. 1/2
4920. 1/2
4921. 3'1/2
4922. 0
4923. 4'1/2
4924. 5
4925. 4'1/2
4926. 1
4927. 0
4928. 2
4929. 1
4930. 0
4931. 0
4932. 1/2
4933. 1
4934. 5
4935. 1'1/2
4936. 1'1/2
4937. 4
4938. 1
4939. 3'1/2
4940. 4'1/2
4941. 0
4942. 2
4943. 3
4944. 3
4945. 2'1/2
4946. 4
4947. 7
4948. 0
4949. 1
4950. 0
4951. 2
4952. 4'1/2
4953. 0
4954. 1'1/2
4955. 4
4956. 2'1/2
4957. 5'1/2
4958. 0
4959. 0
4960. 1
4961. 5
4962. 0
4963. 1/2
4964. 5'1/2
4965. 2
4966. 1'1/2
4967. 3
4968. 0
4969. 4'1/2
4970. 1/2
4971. 2
4972. 1
4973. 2'1/2
4974. 3'1/2
4975. 1
4976. 2
4977. 2'1/2
4978. 0
4979. 5
4980. 0
4981. 4
4982. 0
4983. 3
4984. 2
4985. 3
4986. 1/2
4987. 0
4988. 1'1/2
4989. 3
4990. 2
4991. 4'1/2
4992. 4
4993. 2'1/2
4994. 3
4995. 3
4996. 2
4997. 4
4998. 3
4999. 2'1/2
5000. 0
5001. 3'1/2
5002. 1/2
5003. 6'1/2
5004. 2'1/2
5005. 0
5006. 2
5007. 2
5008. 0
5009. 2
5010. 2'1/2
5011. 0
5012. 2
5013. 1
5014. 3'1/2
5015. 0
5016. 0
5017. 4'1/2
5018. 1'1/2
5019. 1
5020. 0
5021. 0
5022. 2
5023. 1'1/2
5024. 2'1/2
5025. 1
5026. 1
5027. 3
5028. 6
5029. 3
5030. 1
5031. 2
5032. 2
5033. 0
5034. 1
5035. 2
5036. 7
5037. 4
5038. 2
5039. 0
5040. 0
5041. 7
5042. 6
5043. 2
5044. 0
5045. 5
5046. 3
5047. 2'1/2
5048. 1'1/2
5049. 1
5050. 1'1/2
5051. 5
5052. 0
5053. 1/2
5054. 1'1/2
5055. 4
5056. 4
5057. 1
5058. 3
5059. 5
5060. 4
5061. 2'1/2
5062. 3
5063. 1
5064. 1'1/2
5065. 1
5066. 1/2
5067. 4
5068. 1'1/2
5069. 2
5070. 1
5071. 1
5072. 3
5073. 1
5074. 2
5075. 2'1/2
5076. 0
5077. 3
5078. 4'1/2
5079. 1/2
5080. 4
5081. 0
5082. 1
5083. 2
5084. 2
5085. 2'1/2
5086. 5'1/2
5087. 5
5088. 7'1/2
5089. 3'1/2
5090. 2'1/2
5091. 0
5092. 2'1/2
5093. 0
5094. 2
5095. 4
5096. 5
5097. 1/2
5098. 0
5099. 0
5100. 0
5101. 3
5102. 1'1/2
5103. 1'1/2
5104. 1
5105. 2'1/2
5106. 1
5107. 3'1/2
5108. 6
5109. 4'1/2
5110. 0
5111. 6'1/2
5112. 3'1/2
5113. 3
5114. 4
5115. 2
5116. 5
5117. 4
5118. 4'1/2
5119. 3
5120. 4'1/2
5121. 3
5122. 1'1/2
5123. 2
5124. 1/2
5125. 6
5126. 0
5127. 2
5128. 5
5129. 0
5130. 0
5131. 4
5132. 2
5133. 0
5134. 1/2
5135. 4
5136. 4
5137. 2
5138. 2
5139. 3
5140. 3
5141. 4
5142. 5
5143. 1
5144. 0
5145. 1
5146. 2'1/2
5147. 2'1/2
5148. 0
5149. 1
5150. 3
5151. 2'1/2
5152. 3'1/2
5153. 1'1/2
5154. 1'1/2
5155. 2'1/2
5156. 4
5157. 3
5158. 2
5159. 1/2
5160. 1/2
5161. 0
5162. 5
5163. 3'1/2
5164. 1
5165. 1'1/2
5166. 0
5167. 0
5168. 0
5169. 0
5170. 3
5171. 1/2
5172. 2
5173. 5
5174. 0
5175. 2'1/2
5176. 2
5177. 3
5178. 7'1/2
5179. 6
5180. 2
5181. 1
5182. 6
5183. 5
5184. 1
5185. 1/2
5186. 4
5187. 1'1/2
5188. 0
5189. 1/2
5190. 4
5191. 2'1/2
5192. 0
5193. 0
5194. 1/4
5195. 0
5196. 0
5197. 4
5198. 3
5199. 3'1/2
5200. 0
5201. 1
5202. 2
5203. 1/2
5204. 1'1/2
5205. 3
5206. 2'1/2
5207. 4
5208. 0
5209. 1'1/2
5210. 1
5211. 8
5212. 5
5213. 1/2
5214. 1
5215. 1
5216. 3'1/2
5217. 0
5218. 0
5219. 4
5220. 2
5221. 4
5222. 1
5223. 2
5224. 3'1/2
5225. 1
5226. 3'1/2
5227. 0
5228. 0
5229. 1
5230. 1/2
5231. 1/2
5232. 2
5233. 0
5234. 1/2
5235. 1
5236. 3'1/2
5237. 2
5238. 3'1/2
5239. 2
5240. 6'1/2
5241. 2'1/2
5242. 1/2
5243. 1
5244. 3
5245. 0
5246. 1'1/2
5247. 1'1/2
5248. 0
5249. 0
5250. 2'1/2
5251. 1
5252. 1/2
5253. 4
5254. 4
5255. 1
5256. 5'1/2
5257. 1'1/2
5258. 2
5259. 2
5260. 0
5261. 4
5262. 3'1/2
5263. 5
5264. 2
5265. 3'1/2
5266. 6
5267. 4
5268. 2'1/2
5269. 1'1/2
5270. 2
5271. 2
5272. 3'1/2
5273. 1
5274. 0
5275. 0
5276. 1
5277. 5
5278. 3
5279. 4
5280. 2
5281. 1
5282. 0
5283. 1
5284. 5
5285. 2
5286. 1'1/2
5287. 1/2
5288. 1/2
5289. 0
5290. 2
5291. 1/2
5292. 0
5293. 2
5294. 1
5295. 3
5296. 7
5297. 6
5298. 1'1/2
5299. 1'1/2
5300. 0
5301. 3
5302. 1
5303. 1
5304. 1
5305. 3'1/2
5306. 3
5307. 3
5308. 1
5309. 1/2
5310. 4'1/2
5311. 3
5312. 1/2
5313. 4
5314. 0
5315. 1
5316. 2
5317. 0
5318. 2'1/2
5319. 5'1/2
5320. 0
5321. 1'1/2
5322. 1'1/2
5323. 4'1/2
5324. 3
5325. 2
5326. 2
5327. 2
5328. 2'1/2
5329. 4'1/2
5330. 6'1/2
5331. 1'1/2
5332. 0
5333. 3'1/2
5334. 2
5335. 0
5336. 5
5337. 0
5338. 2'1/2
5339. 1'1/2
5340. 1
5341. 2
5342. 4
5343. 2'1/2
5344. 0
5345. 0
5346. 2
5347. 4
5348. 1'1/2
5349. 1'1/2
5350. 6'1/2
5351. 3
5352. 0
5353. 1
5354. 1'1/2
5355. 1/2
5356. 1
5357. 0
5358. 1
5359. 1'1/2
5360. 0
5361. 1/2
5362. 7'1/2
5363. 0
5364. 3
5365. 1'1/2
5366. 3
5367. 1/2
5368. 1
5369. 2'1/2
5370. 0
5371. 1
5372. 3
5373. 2
5374. 2'1/2
5375. 4
5376. 1
5377. 4
5378. 1
5379. 4
5380. 6
5381. 2'1/2
5382. 1
5383. 3'1/2
5384. 2
5385. 1
5386. 2
5387. 2
5388. 4
5389. 1/2
5390. 2
5391. 3
5392. 0
5393. 4
5394. 6'1/2
5395. 7
5396. 0
5397. 3
5398. 4
5399. 4
5400. 1'1/2
5401. 0
5402. 2'1/2
5403. 0
5404. 1'1/2
5405. 1
5406. 3
5407. 1/2
5408. 1'1/2
5409. 3'1/2
5410. 1
5411. 1/2
5412. 1/2
5413. 3
5414. 1/2
5415. 2'1/2
5416. 2
5417. 0
5418. 1/2
5419. 4
5420. 5
5421. 4'1/2
5422. 1
5423. 0
5424. 5'1/2
5425. 1'1/2
5426. 3
5427. 5
5428. 1'1/2
5429. 2
5430. 0
5431. 0
5432. 2
5433. 0
5434. 1/2
5435. 1'1/2
5436. 1'1/2
5437. 2
5438. 4
5439. 2'1/2
5440. 0
5441. 1
5442. 3
5443. 3
5444. 1
5445. 1'1/2
5446. 1'1/2
5447. 3'1/2
5448. 0
5449. 0
5450. 1'1/2
5451. 2
5452. 3
5453. 4
5454. 6
5455. 1'1/2
5456. 0
5457. 3
5458. 3
5459. 5
5460. 3'1/2
5461. 0
5462. 0
5463. 4
5464. 1
5465. 1
5466. 4
5467. 1/2
5468. 2
5469. 1
5470. 0
5471. 0
5472. 1'1/2
5473. 1
5474. 2
5475. 2
5476. 1/4
5477. 3'1/2
5478. 1
5479. 0
5480. 3
5481. 4
5482. 2/4
5483. 2'1/2
5484. 1
5485. 6
5486. 4
5487. 4
5488. 1'1/2
5489. 1'1/2
5490. 3'1/2
5491. 1
5492. 4'1/2
5493. 2
5494. 1/2
5495. 0
5496. 1
5497. 0
5498. 4'1/2
5499. 1
5500. 1
5501. 1'1/2
5502. 1'1/2
5503. 1
5504. 2
5505. 2
5506. 3
5507. 1/2
5508. 8
5509. 0
5510. 3
5511. 2'1/2
5512. 0
5513. 1
5514. 0
5515. 6
5516. 1
5517. 4
5518. 2
5519. 1
5520. 2
5521. 3
5522. 3'1/2
5523. 1'1/2
5524. 1
5525. 4
5526. 8
5527. 4'1/2
5528. 1/2
5529. 0
5530. 2
5531. 1'1/2
5532. 1
5533. 0
5534. 1
5535. 3
5536. 4'1/2
5537. 5
5538. 1
5539. 0
5540. 1/2
5541. 5
5542. 1'1/2
5543. 4
5544. 1
5545. 0
5546. 1
5547. 2'1/2
5548. 2
5549. 2
5550. 2'1/2
5551. 6
5552. 4'1/2
5553. 1
5554. 1
5555. 1
5556. 5
5557. 1
5558. 0
5559. 4'1/2
5560. 1'1/2
5561. 4
5562. 2
5563. 1
5564. 0
5565. 0
5566. 0
5567. 2
5568. 4
5569. 3
5570. 1'1/2
5571. 2
5572. 4
5573. 1
5574. 3'1/2
5575. 6'1/2
5576. 1/2
5577. 6'1/2
5578. 1'1/2
5579. 1
5580. 1'1/2
5581. 4'1/2
5582. 4
5583. 5
5584. 5'1/2
5585. 2
5586. 4
5587. 0
5588. 2
5589. 6'1/2
5590. 1
5591. 0
5592. 5
5593. 6
5594. 3
5595. 0
5596. 2'1/2
5597. 1'1/2
5598. 0
5599. 7
5600. 4
5601. 0
5602. 1/2
5603. 5'1/2
5604. 0
5605. 2
5606. 6
5607. 2
5608. 1
5609. 4'1/2
5610. 2
5611. 2'1/2
5612. 1
5613. 2
5614. 2'1/2
5615. 3
5616. 1'1/2
5617. 2'1/2
5618. 3
5619. 0
5620. 1
5621. 2
5622. 1/2
5623. 3
5624. 2
5625. 1/2
5626. 0
5627. 2
5628. 1
5629. 2
5630. 3
5631. 0
5632. 0
5633. 1
5634. 5
5635. 2'1/2
5636. 0
5637. 0
5638. 0
5639. 1
5640. 2
5641. 3'1/2
5642. 4
5643. 3
5644. 0
5645. 4'1/2
5646. 2'1/2
5647. 2
5648. 1/2
5649. 0
5650. 1/2
5651. 1/2
5652. 1/2
5653. 2'1/2
5654. 1
5655. 2
5656. 3'1/2
5657. 4
5658. 3
5659. 0
5660. 3
5661. 3
5662. 2
5663. 3
5664. 2
5665. 1
5666. 4
5667. 5
5668. 2
5669. 1
5670. 1'1/2
5671. 5'1/2
5672. 0
5673. 3
5674. 1'1/2
5675. 2'1/2
5676. 3'1/2
5677. 5
5678. 3'1/2
5679. 1
5680. 1
5681. 0
5682. 8
5683. 0
5684. 3'1/2
5685. 1
5686. 1
5687. 5
5688. 2'1/2
5689. 3
5690. 2'1/2
5691. 1'1/2
5692. 1
5693. 2'1/2
5694. 2'1/2
5695. 3
5696. 0
5697. 5
5698. 5
5699. 1
5700. 2'1/2
5701. 2
5702. 1/2
5703. 6
5704. 4
5705. 1
5706. 3
5707. 1
5708. 5'1/2
5709. 0
5710. 4
5711. 1/2
5712. 3'1/2
5713. 1/2
5714. 4
5715. 0
5716. 0
5717. 3'1/2
5718. 1'1/2
5719. 1/2
5720. 7
5721. 1
5722. 3
5723. 1'1/2
5724. 2
5725. 3'1/2
5726. 1'1/2
5727. 1/2
5728. 2
5729. 2
5730. 0
5731. 1/2
5732. 0
5733. 2'1/2
5734. 1/2
5735. 3'1/2
5736. 1'1/2
5737. 1'1/2
5738. 1
5739. 0
5740. 0
5741. 1'1/2
5742. 5
5743. 3
5744. 2'1/2
5745. 0
5746. 1/2
5747. 2'1/2
5748. 0
5749. 4'1/2
5750. 2
5751. 1'1/2
5752. 1
5753. 4'1/2
5754. 1
5755. 0
5756. 3
5757. 3
5758. 8'1/2
5759. 0
5760. 2
5761. 1
5762. 1
5763. 2
5764. 4
5765. 1
5766. 4'1/2
5767. 4
5768. 0
5769. 1/2
5770. 0
5771. 3
5772. 4
5773. 3
5774. 0
5775. 2'1/2
5776. 2
5777. 0
5778. 0
5779. 4
5780. 2'1/2
5781. 4
5782. 5'1/2
5783. 0
5784. 4
5785. 4
5786. 2
5787. 1'1/2
5788. 1
5789. 3
5790. 2
5791. 5
5792. 2
5793. 2
5794. 2
5795. 6'1/2
5796. 3'1/2
5797. 0
5798. 3
5799. 1/2
5800. 1
5801. 4
5802. 0
5803. 2
5804. 0
5805. 4
5806. 1
5807. 1
5808. 1'1/2
5809. 0
5810. 0
5811. 2'1/2
5812. 0
5813. 2
5814. 4'1/2
5815. 5
5816. 4'1/2
5817. 1
5818. 2
5819. 1'1/2
5820. 0
5821. 2
5822. 0
5823. 2
5824. 2
5825. 2'1/2
5826. 5
5827. 2
5828. 4
5829. 5
5830. 1/2
5831. 1
5832. 1
5833. 3'1/2
5834. 0
5835. 1
5836. 4'1/2
5837. 4
5838. 2
5839. 4
5840. 2
5841. 1
5842. 2
5843. 3'1/2
5844. 1'1/2
5845. 0
5846. 6
5847. 3'1/2
5848. 1
5849. 1
5850. 4'1/2
5851. 0
5852. 3'1/2
5853. 3'1/2
5854. 7
5855. 1
5856. 1/2
5857. 1
5858. 2
5859. 1/2
5860. 5
5861. 3'1/2
5862. 4
5863. 3
5864. 2
5865. 4
5866. 1
5867. 1
5868. 1/2
5869. 3'1/2
5870. 7
5871. 7
5872. 1
5873. 3'1/2
5874. 0
5875. 2'1/2
5876. 3
5877. 1/2
5878. 1/2
5879. 1'1/2
5880. 1/2
5881. 3
5882. 2'1/2
5883. 3
5884. 3
5885. 2
5886. 3'1/2
5887. 4'1/2
5888. 1'1/2
5889. 3'1/2
5890. 7
5891. 2
5892. 1/2
5893. 4
5894. 2
5895. 0
5896. 1/2
5897. 1
5898. 3'1/2
5899. 2'1/2
5900. 0
5901. 7
5902. 2'1/2
5903. 2
5904. 3
5905. 3
5906. 2
5907. 6
5908. 0
5909. 4
5910. 1
5911. 3
5912. 0
5913. 1'1/2
5914. 3
5915. 3'1/2
5916. 0
5917. 4
5918. 2
5919. 2
5920. 2'1/2
5921. 1'1/2
5922. 3
5923. 3'1/2
5924. 1'1/2
5925. 4
5926. 1/2
5927. 1/2
5928. 0
5929. 2'1/2
5930. 5
5931. 3
5932. 1
5933. 3
5934. 1
5935. 1
5936. 1/3
5937. 2
5938. 1'1/2
5939. 3
5940. 1/2
5941. 1
5942. 1
5943. 1'1/2
5944. 2
5945. 3
5946. 0
5947. 0
5948. 4
5949. 3
5950. 3'1/2
5951. 1
5952. 0
5953. 3
5954. 1/2
5955. 1'1/2
5956. 5
5957. 2
5958. 4
5959. 2
5960. 0
5961. 1
5962. 2'1/2
5963. 1
5964. 3
5965. 7
5966. 2
5967. 1
5968. 1/2
5969. 0
5970. 3
5971. 6
5972. 4
5973. 0
5974. 5
5975. 3
5976. 1'1/2
5977. 4'1/2
5978. 5'1/2
5979. 0
5980. 0
5981. 5
5982. 1'1/2
5983. 0
5984. 2
5985. 1'1/2
5986. 1'1/2
5987. 1
5988. 3'1/2
5989. 3
5990. 1/2
5991. 2
5992. 8
5993. 1
5994. 1/2
5995. 0
5996. 2
5997. 4'1/2
5998. 2
5999. 3
6000. 1/2
6001. 5
6002. 2
6003. 3
6004. 2
6005. 1/2
6006. 4'1/2
6007. 2
6008. 0
6009. 0
6010. 0
6011. 3'1/2
6012. 3
6013. 2
6014. 1
6015. 2'1/2
6016. 3
6017. 6
6018. 5
6019. 4
6020. 0
6021. 7
6022. 2
6023. 0
6024. 0
6025. 2
6026. 4
6027. 1
6028. 1
6029. 1
6030. 12
6031. 1'1/2
6032. 2
6033. 0
6034. 4
6035. 2
6036. 0
6037. 1/2
6038. 1'1/2
6039. 0
6040. 8'1/2
6041. 5'1/2
6042. 1
6043. 0
6044. 1
6045. 2
6046. 2
6047. 5
6048. 1
6049. 4
6050. 1
6051. 3
6052. 3
6053. 2'1/2
6054. 6
6055. 2'1/2
6056. 6'1/2
6057. 2
6058. 1'1/2
6059. 1
6060. 2
6061. 4
6062. 0
6063. 1/2
6064. 2
6065. 0
6066. 2
6067. 1
6068. 0
6069. 2
6070. 0
6071. 6
6072. 1'1/2
6073. 1/2
6074. 1'1/2
6075. 1
6076. 2
6077. 1/2
6078. 2'1/2
6079. 1
6080. 1/2
6081. 4'1/2
6082. 1
6083. 7
6084. 2
6085. 1'1/2
6086. 3
6087. 2
6088. 3
6089. 2
6090. 0
6091. 7
6092. 0
6093. 4'1/2
6094. 0
6095. 8
6096. 2
6097. 2'1/2
6098. 3'1/2
6099. 1'1/2
6100. 1
6101. 6
6102. 0
6103. 0
6104. 3
6105. 1/2
6106. 4
6107. 3
6108. 4'1/2
6109. 0
6110. 2
6111. 1
6112. 0
6113. 2'1/2
6114. 5
6115. 1
6116. 3
6117. 8
6118. 1/2
6119. 2
6120. 6
6121. 0
6122. 0
6123. 4
6124. 1
6125. 6
6126. 9
6127. 4
6128. 2'1/2
6129. 2
6130. 2
6131. 1/2
6132. 0
6133. 1'1/2
6134. 1/2
6135. 2
6136. 1
6137. 1'1/2
6138. 0
6139. 2'1/2
6140. 0
6141. 0
6142. 1
6143. 1'1/2
6144. 1
6145. 1'1/2
6146. 5
6147. 5
6148. 2'1/2
6149. 2
6150. 0
6151. 2
6152. 4
6153. 1
6154. 7
6155. 0
6156. 0
6157. 1
6158. 1'1/2
6159. 4
6160. 5
6161. 3
6162. 2
6163. 2
6164. 1
6165. 1'1/2
6166. 2
6167. 1/2
6168. 0
6169. 3
6170. 3
6171. 0
6172. 1
6173. 1/2
6174. 1'1/2
6175. 1/2
6176. 4
6177. 2
6178. 2
6179. 5
6180. 1'1/2
6181. 3
6182. 4
6183. 6'1/2
6184. 4
6185. 2
6186. 4'1/2
6187. 0
6188. 0
6189. 2
6190. 6'1/2
6191. 0
6192. 1/2
6193. 1
6194. 1'1/2
6195. 7
6196. 5
6197. 1
6198. 2
6199. 0
6200. 4
6201. 1'1/2
6202. 3
6203. 0
6204. 1
6205. 1
6206. 1
6207. 1
6208. 1
6209. 2
6210. 3'1/2
6211. 0
6212. 2
6213. 8
6214. 2
6215. 4'1/2
6216. 1
6217. 6
6218. 1
6219. 1
6220. 2'1/2
6221. 3
6222. 1
6223. 5
6224. 2
6225. 3
6226. 1/2
6227. 3
6228. 2
6229. 2
6230. 3'1/2
6231. 0
6232. 1'1/2
6233. 2
6234. 4
6235. 4
6236. 0
6237. 6'1/2
6238. 3
6239. 1
6240. 4
6241. 2
6242. 1
6243. 4
6244. 2
6245. 1
6246. 1'1/4
6247. 7
6248. 1
6249. 1
6250. 4'1/2
6251. 7
6252. 0
6253. 1
6254. 5
6255. 2
6256. 2
6257. 4
6258. 5'1/2
6259. 5
6260. 4
6261. 6
6262. 1/2
6263. 3
6264. 1/2
6265. 2
6266. 1/2
6267. 0
6268. 1
6269. 6
6270. 3
6271. 3
6272. 0
6273. 1
6274. 1
6275. 3
6276. 0
6277. 2
6278. 3
6279. 1
6280. 2
6281. 4
6282. 0
6283. 0
6284. 0
6285. 0
6286. 1/2
6287. 4
6288. 3'1/2
6289. 2
6290. 0
6291. 6
6292. 4
6293. 1
6294. 2
6295. 3'1/2
6296. 2
6297. 2
6298. 5
6299. 1/2
6300. 1
6301. 1
6302. 4
6303. 2
6304. 7
6305. 2
6306. 1
6307. 2
6308. 1
6309. 5
6310. 3
6311. 1/4
6312. 1/2
6313. 0
6314. 3'1/2
6315. 1
6316. 0
6317. 1/2
6318. 2'1/2
6319. 3
6320. 3
6321. 0
6322. 4
6323. 2'1/2
6324. 0
6325. 0
6326. 4'1/2
6327. 1'1/2
6328. 4
6329. 1
6330. 2'1/2
6331. 0
6332. 2
6333. 3
6334. 2'1/2
6335. 2
6336. 1
6337. 2
6338. 2
6339. 1
6340. 2
6341. 6
6342. 3'1/2
6343. 1
6344. 4
6345. 3
6346. 1
6347. 5
6348. 4
6349. 6'1/2
6350. 6
6351. 2
6352. 0
6353. 4
6354. 3
6355. 3
6356. 1
6357. 2
6358. 4'1/2
6359. 4
6360. 2
6361. 1'2/3
6362. 2
6363. 3'1/2
6364. 2'1/2
6365. 1/2
6366. 0
6367. 2/4
6368. 5
6369. 1/2
6370. 2
6371. 1
6372. 1
6373. 0
6374. 5
6375. 0
6376. 3
6377. 1/2
6378. 4
6379. 4
6380. 2
6381. 0
6382. 3
6383. 6
6384. 5
6385. 1/2
6386. 2'1/2
6387. 0
6388. 0
6389. 4
6390. 1
6391. 1'1/2
6392. 2
6393. 6'1/2
6394. 0
6395. 0
6396. 4
6397. 1'1/2
6398. 0
6399. 1/2
6400. 3'1/2
6401. 4
6402. 9
6403. 3'1/2
6404. 0
6405. 3
6406. 2'1/2
6407. 1
6408. 4'1/2
6409. 2
6410. 2'1/2
6411. 1
6412. 1
6413. 1/2
6414. 0
6415. 0
6416. 4
6417. 0
6418. 0
6419. 2
6420. 4
6421. 0
6422. 1/2
6423. 4
6424. 2'1/2
6425. 3'1/2
6426. 6
6427. 0
6428. 1/2
6429. 0
6430. 1'1/2
6431. 1'1/2
6432. 1/2
6433. 1'1/2
6434. 2'1/2
6435. 0
6436. 1'1/2
6437. 1/2
6438. 5
6439. 0
6440. 0
6441. 1'1/2
6442. 1'1/2
6443. 2
6444. 3'1/2
6445. 2'1/2
6446. 1'1/2
6447. 4'1/2
6448. 6
6449. 3
6450. 1/2
6451. 6
6452. 2
6453. 2'1/2
6454. 1
6455. 2
6456. 0
6457. 4'1/2
6458. 2
6459. 0
6460. 1/2
6461. 1'1/2
6462. 1
6463. 3
6464. 4
6465. 0
6466. 1'1/2
6467. 6
6468. 6
6469. 3
6470. 4'1/2
6471. 1
6472. 3'1/2
6473. 2
6474. 1'1/2
6475. 8
6476. 5
6477. 0
6478. 3
6479. 2
6480. 5
6481. 5
6482. 2
6483. 7
6484. 4
6485. 0
6486. 1/2
6487. 0
6488. 0
6489. 0
6490. 0
6491. 0
6492. 0
6493. 1/2
6494. 3
6495. 4'1/2
6496. 0
6497. 1'1/2
6498. 1
6499. 3
6500. 3'1/2
6501. 4
6502. 2
6503. 6
6504. 3
6505. 1
6506. 4
6507. 2
6508. 3
6509. 0
6510. 1
6511. 5
6512. 4'1/2
6513. 3'1/2
6514. 4
6515. 1
6516. 2
6517. 0
6518. 2
6519. 4
6520. 1
6521. 1'1/2
6522. 3
6523. 4
6524. 6
6525. 2
6526. 1
6527. 0
6528. 1
6529. 0
6530. 1/2
6531. 1/2
6532. 4
6533. 1/2
6534. 2'1/2
6535. 1
6536. 2'1/2
6537. 4
6538. 1
6539. 7
6540. 4
6541. 0
6542. 1
6543. 1
6544. 1/2
6545. 1/2
6546. 1
6547. 1/2
6548. 3
6549. 1'1/2
6550. 0
6551. 2
6552. 2
6553. 1
6554. 1
6555. 3'1/2
6556. 1'1/2
6557. 2
6558. 1
6559. 5
6560. 2
6561. 2
6562. 1/2
6563. 2
6564. 4
6565. 1/2
6566. 2
6567. 1
6568. 0
6569. 1
6570. 2
6571. 0
6572. 2'1/2
6573. 1
6574. 1/2
6575. 0
6576. 1'1/2
6577. 2
6578. 2
6579. 3
6580. 2
6581. 0
6582. 3
6583. 2
6584. 3
6585. 3
6586. 2
6587. 1/2
6588. 5'1/2
6589. 1
6590. 0
6591. 1
6592. 5'1/2
6593. 2
6594. 4
6595. 6
6596. 1/2
6597. 6
6598. 0
6599. 2
6600. 4
6601. 1'1/2
6602. 6'1/2
6603. 3
6604. 4
6605. 2
6606. 5
6607. 1
6608. 0
6609. 2
6610. 2
6611. 5
6612. 2
6613. 3'1/2
6614. 2
6615. 4
6616. 0
6617. 3
6618. 4
6619. 4
6620. 1
6621. 1
6622. 4
6623. 0
6624. 2
6625. 0
6626. 4
6627. 5
6628. 1
6629. 0
6630. 0
6631. 1'1/2
6632. 5
6633. 0
6634. 6
6635. 3
6636. 1/2
6637. 3
6638. 1
6639. 0
6640. 2
6641. 3
6642. 4
6643. 0
6644. 5
6645. 1'1/2
6646. 4
6647. 3
6648. 1'1/2
6649. 6
6650. 3'1/2
6651. 5'1/2
6652. 1
6653. 2
6654. 1/2
6655. 2
6656. 3'1/2
6657. 1
6658. 5
6659. 2
6660. 0
6661. 1
6662. 3'1/2
6663. 1
6664. 7
6665. 0
6666. 8
6667. 3
6668. 1
6669. 1
6670. 3
6671. 0
6672. 0
6673. 2'1/2
6674. 0
6675. 3'1/2
6676. 1
6677. 0
6678. 0
6679. 1'1/2
6680. 3
6681. 1/2
6682. 4
6683. 3
6684. 1'1/2
6685. 1'1/2
6686. 1
6687. 3
6688. 3
6689. 2'1/2
6690. 2
6691. 0
6692. 0
6693. 4
6694. 0
6695. 1
6696. 3
6697. 3
6698. 4
6699. 1
6700. 0
6701. 5
6702. 1/2
6703. 0
6704. 5
6705. 4
6706. 4
6707. 0
6708. 4'1/2
6709. 4
6710. 1
6711. 6
6712. 3
6713. 7
6714. 2
6715. 1
6716. 4'1/2
6717. 1
6718. 5
6719. 6'1/2
6720. 3
6721. 3
6722. 2'1/2
6723. 0
6724. 0
6725. 1'1/2
6726. 1
6727. 1
6728. 0
6729. 1
6730. 2
6731. 1
6732. 2
6733. 1
6734. 1'1/2
6735. 1/2
6736. 1
6737. 1'1/2
6738. 3
6739. 3
6740. 1'1/2
6741. 4
6742. 1'1/2
6743. 1
6744. 1/2
6745. 2'1/2
6746. 2'1/2
6747. 4
6748. 2'1/2
6749. 1
6750. 5
6751. 4
6752. 3
6753. 1
6754. 0
6755. 7'1/2
6756. 2
6757. 1
6758. 1
6759. 1
6760. 2
6761. 3
6762. 2'1/2
6763. 5
6764. 5
6765. 1
6766. 1
6767. 1'1/2
6768. 1/2
6769. 4
6770. 2
6771. 4
6772. 1
6773. 3
6774. 5'1/2
6775. 0
6776. 0
6777. 5
6778. 2
6779. 1
6780. 3'1/2
6781. 4
6782. 2
6783. 1
6784. 1
6785. 1/2
6786. 2'1/2
6787. 2'1/2
6788. 4'1/2
6789. 1
6790. 0
6791. 0
6792. 2
6793. 0
6794. 2
6795. 2
6796. 1
6797. 1'1/2
6798. 0
6799. 4
6800. 5
6801. 4
6802. 2
6803. 0
6804. 2
6805. 1'3/4
6806. 3
6807. 3'1/2
6808. 2'1/2
6809. 1
6810. 2
6811. 1/2
6812. 1
6813. 1
6814. 3'1/2
6815. 1
6816. 0
6817. 1
6818. 4
6819. 1
6820. 6
6821. 3
6822. 1
6823. 4
6824. 3'1/2
6825. 1'1/2
6826. 0
6827. 2
6828. 4
6829. 0
6830. 1'1/2
6831. 1
6832. 1'1/2
6833. 0
6834. 0
6835. 2
6836. 0
6837. 0
6838. 4
6839. 2
6840. 5
6841. 0
6842. 3'1/2
6843. 1
6844. 2
6845. 2'1/2
6846. 0
6847. 0
6848. 2
6849. 5'1/2
6850. 0
6851. 6
6852. 1
6853. 1'1/2
6854. 1
6855. 2
6856. 3
6857. 1'1/2
6858. 1
6859. 4
6860. 2
6861. 0
6862. 7
6863. 4
6864. 0
6865. 2
6866. 3
6867. 5'1/2
6868. 1
6869. 4
6870. 5
6871. 2
6872. 5
6873. 5
6874. 5
6875. 1
6876. 4
6877. 3
6878. 2
6879. 2'1/2
6880. 2'1/2
6881. 3'1/2
6882. 1
6883. 0
6884. 2'1/2
6885. 3
6886. 3
6887. 0
6888. 8
6889. 3
6890. 0
6891. 2
6892. 4'1/2
6893. 1
6894. 1'1/2
6895. 1'1/2
6896. 0
6897. 9
6898. 0
6899. 2
6900. 3'1/2
6901. 0
6902. 2
6903. 2
6904. 1
6905. 3
6906. 8
6907. 1
6908. 1/2
6909. 0
6910. 0
6911. 3
6912. 0
6913. 2'1/2
6914. 2
6915. 2
6916. 6'1/2
6917. 3
6918. 0
6919. 6
6920. 0
6921. 4
6922. 2
6923. 2
6924. 2
6925. 6
6926. 4
6927. 1
6928. 1
6929. 0
6930. 1
6931. 2
6932. 4
6933. 4
6934. 1
6935. 1'1/2
6936. 0
6937. 3
6938. 3
6939. 2
6940. 6
6941. 2
6942. 1'1/2
6943. 4'1/2
6944. 1/2
6945. 2'1/2
6946. 0
6947. 2
6948. 0
6949. 4
6950. 1/2
6951. 0
6952. 3
6953. 2'1/2
6954. 0
6955. 0
6956. 0
6957. 1'1/2
6958. 3
6959. 1/2
6960. 0
6961. 1
6962. 2
6963. 1'1/2
6964. 3
6965. 4
6966. 6
6967. 1
6968. 2'1/2
6969. 4
6970. 8
6971. 1/2
6972. 2
6973. 0
6974. 3
6975. 3
6976. 3'1/2
6977. 2
6978. 4
6979. 0
6980. 6'1/2
6981. 0
6982. 3'1/2
6983. 2'1/2
6984. 3
6985. 3
6986. 2
6987. 2
6988. 5'1/2
6989. 2
6990. 1/2
6991. 3
6992. 5
6993. 2
6994. 2'1/2
6995. 0
6996. 0
6997. 6
6998. 2
6999. 4'1/2
7000. 3'1/2
7001. 3'1/2
7002. 0
7003. 3
7004. 4
7005. 2
7006. 4
7007. 1/2
7008. 2
7009. 1/2
7010. 2
7011. 3
7012. 4
7013. 3
7014. 3
7015. 1/2
7016. 4
7017. 1/2
7018. 5
7019. 0
7020. 2
7021. 5'1/2
7022. 2'1/2
7023. 0
7024. 4
7025. 0
7026. 0
7027. 1/2
7028. 2
7029. 2
7030. 1/2
7031. 0
7032. 3
7033. 2
7034. 3
7035. 3
7036. 1
7037. 0
7038. 0
7039. 2
7040. 5'1/2
7041. 0
7042. 1
7043. 1
7044. 0
7045. 6
7046. 1'1/2
7047. 0
7048. 0
7049. 6
7050. 6'1/2
7051. 3
7052. 3
7053. 0
7054. 1'1/2
7055. 1
7056. 1
7057. 6'1/2
7058. 2'1/2
7059. 2'1/2
7060. 4'1/2
7061. 4
7062. 3'1/2
7063. 1
7064. 5
7065. 3
7066. 1'1/2
7067. 1
7068. 1
7069. 2'1/2
7070. 4
7071. 5
7072. 5'1/2
7073. 1/2
7074. 2
7075. 7
7076. 1'1/2
7077. 0
7078. 2
7079. 1'1/2
7080. 2
7081. 6
7082. 0
7083. 3
7084. 0
7085. 1/2
7086. 1/2
7087. 4'1/2
7088. 2'1/2
7089. 2'1/2
7090. 1/2
7091. 2'1/2
7092. 1'1/2
7093. 2
7094. 0
7095. 1/2
7096. 4'1/2
7097. 3
7098. 0
7099. 1/4
7100. 0
7101. 1
7102. 4
7103. 3
7104. 2
7105. 1
7106. 4'1/2
7107. 1
7108. 3'1/2
7109. 5
7110. 3
7111. 0
7112. 0
7113. 0
7114. 2'1/2
7115. 1/2
7116. 2'1/2
7117. 6
7118. 0
7119. 1
7120. 1/2
7121. 0
7122. 1
7123. 2
7124. 0
7125. 0
7126. 0
7127. 1'1/2
7128. 0
7129. 4'1/2
7130. 1
7131. 1
7132. 0
7133. 1/2
7134. 2
7135. 1'1/2
7136. 4
7137. 1
7138. 2
7139. 1
7140. 1/2
7141. 2
7142. 4
7143. 2'1/2
7144. 3
7145. 4
7146. 4
7147. 3
7148. 7
7149. 3
7150. 3
7151. 0
7152. 5
7153. 0
7154. 2'1/2
7155. 1
7156. 3'1/2
7157. 2
7158. 4'1/2
7159. 1/2
7160. 3
7161. 0
7162. 5'1/2
7163. 2'1/2
7164. 0
7165. 3'1/2
7166. 4'1/2
7167. 5
7168. 6
7169. 2
7170. 4
7171. 1
7172. 16
7173. 1
7174. 2
7175. 1
7176. 2
7177. 0
7178. 2
7179. 3
7180. 1
7181. 1
7182. 1
7183. 7
7184. 0
7185. 4
7186. 4
7187. 2
7188. 1/2
7189. 5
7190. 2
7191. 1'1/2
7192. 0
7193. 4
7194. 1/2
7195. 1/2
7196. 1
7197. 3
7198. 1/2
7199. 5
7200. 0
7201. 1'1/2
7202. 2
7203. 0
7204. 1
7205. 1
7206. 0
7207. 5
7208. 3'1/2
7209. 4
7210. 7
7211. 2
7212. 2'1/2
7213. 4
7214. 1'1/2
7215. 4
7216. 2'1/2
7217. 1/2
7218. 0
7219. 9'1/2
7220. 5'1/2
7221. 0
7222. 5
7223. 5
7224. 6
7225. 2'1/2
7226. 0
7227. 0
7228. 2
7229. 1/2
7230. 0
7231. 1'1/2
7232. 2
7233. 2/3
7234. 6
7235. 1/2
7236. 7
7237. 1
7238. 2'1/2
7239. 0
7240. 4'1/2
7241. 2'1/2
7242. 2
7243. 3'1/2
7244. 1
7245. 2
7246. 1
7247. 1
7248. 7
7249. 1
7250. 1
7251. 3
7252. 0
7253. 3
7254. 2'1/2
7255. 1
7256. 3
7257. 5
7258. 3
7259. 0
7260. 3
7261. 0
7262. 3
7263. 4
7264. 2
7265. 5
7266. 1
7267. 3'1/2
7268. 2
7269. 4
7270. 2
7271. 2
7272. 0
7273. 4
7274. 1
7275. 5
7276. 2'1/2
7277. 2
7278. 1
7279. 2
7280. 5'1/2
7281. 0
7282. 4
7283. 1
7284. 7
7285. 5
7286. 2
7287. 1
7288. 4
7289. 0
7290. 5
7291. 1'1/2
7292. 1
7293. 5
7294. 0
7295. 0
7296. 4
7297. 3'1/2
7298. 1/2
7299. 1
7300. 1'1/2
7301. 0
7302. 9
7303. 1/2
7304. 1
7305. 2'1/2
7306. 2
7307. 2
7308. 3
7309. 5
7310. 1
7311. 5'1/2
7312. 2'1/2
7313. 1
7314. 1'1/2
7315. 1/2
7316. 4
7317. 0
7318. 0
7319. 0
7320. 5
7321. 4'1/2
7322. 0
7323. 1
7324. 0
7325. 0
7326. 5'1/2
7327. 2'1/2
7328. 3
7329. 2'1/2
7330. 1
7331. 1'1/2
7332. 1
7333. 1
7334. 3
7335. 1
7336. 4
7337. 3'1/2
7338. 0
7339. 1
7340. 2
7341. 0
7342. 1
7343. 4'1/2
7344. 2'1/2
7345. 4
7346. 2
7347. 1
7348. 1
7349. 1
7350. 2
7351. 3'1/2
7352. 4'1/2
7353. 1
7354. 0
7355. 5
7356. 1'1/2
7357. 1
7358. 3
7359. 6
7360. 2
7361. 1
7362. 4
7363. 3
7364. 3
7365. 2'1/2
7366. 5
7367. 3
7368. 0
7369. 3'1/2
7370. 2'1/2
7371. 2
7372. 2
7373. 0
7374. 7
7375. 3
7376. 4
7377. 1
7378. 0
7379. 2
7380. 2
7381. 4
7382. 0
7383. 2
7384. 2
7385. 2
7386. 2
7387. 0
7388. 5
7389. 4
7390. 2
7391. 1/2
7392. 2
7393. 3
7394. 3
7395. 4
7396. 1/2
7397. 3
7398. 4
7399. 1
7400. 3
7401. 1
7402. 1
7403. 1
7404. 8
7405. 5
7406. 3
7407. 1
7408. 5'1/2
7409. 2
7410. 0
7411. 6
7412. 2
7413. 3
7414. 2
7415. 2
7416. 0
7417. 1'1/2
7418. 3'1/2
7419. 7
7420. 7'1/2
7421. 7
7422. 0
7423. 1/2
7424. 8
7425. 4
7426. 3
7427. 5'1/2
7428. 1
7429. 6
7430. 0
7431. 0
7432. 1
7433. 1
7434. 3
7435. 4
7436. 2
7437. 2
7438. 1'1/2
7439. 0
7440. 1'1/2
7441. 1
7442. 1
7443. 1
7444. 6
7445. 2'1/2
7446. 1
7447. 1
7448. 1
7449. 7
7450. 2
7451. 4
7452. 5
7453. 1
7454. 1/2
7455. 4'1/2
7456. 2
7457. 5
7458. 4
7459. 2
7460. 2
7461. 2
7462. 2
7463. 1
7464. 1
7465. 2
7466. 0
7467. 1
7468. 2'1/2
7469. 1
7470. 4
7471. 5
7472. 0
7473. 1'1/2
7474. 0
7475. 0
7476. 3
7477. 3
7478. 0
7479. 1'1/2
7480. 0
7481. 3
7482. 2
7483. 0
7484. 0
7485. 3'1/2
7486. 4
7487. 3'1/2
7488. 2
7489. 6'1/2
7490. 2
7491. 2
7492. 5
7493. 3
7494. 1
7495. 0
7496. 3'1/2
7497. 5'1/2
7498. 3'1/2
7499. 5'1/2
7500. 4
7501. 2
7502. 5
7503. 2
7504. 1
7505. 3
7506. 7
7507. 3
7508. 4
7509. 4
7510. 2'1/2
7511. 2'1/2
7512. 1
7513. 4
7514. 0
7515. 0
7516. 2'1/2
7517. 4'1/2
7518. 1
7519. 1'1/2
7520. 3
7521. 1
7522. 1/2
7523. 0
7524. 1
7525. 1
7526. 2
7527. 3'1/2
7528. 0
7529. 3
7530. 1
7531. 0
7532. 1/2
7533. 2
7534. 2
7535. 0
7536. 4
7537. 1
7538. 5
7539. 2
7540. 4
7541. 4'1/2
7542. 2'1/2
7543. 2'1/2
7544. 1'1/2
7545. 4
7546. 1'1/2
7547. 1/2
7548. 1
7549. 3'1/2
7550. 3
7551. 2
7552. 5
7553. 1/2
7554. 0
7555. 5
7556. 4'1/2
7557. 4'1/2
7558. 1/2
7559. 1
7560. 4'1/2
7561. 4
7562. 6'1/2
7563. 3
7564. 2'1/2
7565. 0
7566. 3
7567. 1/2
7568. 4
7569. 4'1/2
7570. 7'1/2
7571. 6
7572. 3
7573. 0
7574. 2
7575. 1
7576. 2
7577. 4
7578. 2
7579. 4
7580. 1'1/2
7581. 2'1/2
7582. 4
7583. 0
7584. 1
7585. 0
7586. 1
7587. 1/2
7588. 3
7589. 4
7590. 1
7591. 3
7592. 6
7593. 2
7594. 4
7595. 1'1/2
7596. 1
7597. 3'1/2
7598. 3
7599. 0
7600. 3'1/2
7601. 0
7602. 4
7603. 0
7604. 1
7605. 2'1/2
7606. 2
7607. 7'1/2
7608. 6
7609. 6
7610. 1/2
7611. 5'1/2
7612. 2
7613. 0
7614. 1
7615. 0
7616. 4
7617. 1'1/2
7618. 4
7619. 2'1/2
7620. 2
7621. 3
7622. 2
7623. 1
7624. 0
7625. 3'1/2
7626. 2
7627. 5
7628. 5
7629. 4
7630. 3
7631. 3
7632. 3
7633. 1
7634. 4
7635. 2'1/2
7636. 1/2
7637. 1
7638. 4'1/2
7639. 1/2
7640. 2'1/2
7641. 2
7642. 1
7643. 6
7644. 5
7645. 0
7646. 4'1/2
7647. 1'1/2
7648. 3
7649. 0
7650. 4
7651. 2'1/2
7652. 5
7653. 2
7654. 7'1/2
7655. 6
7656. 4'1/2
7657. 2
7658. 2
7659. 2
7660. 3
7661. 1
7662. 3'1/2
7663. 0
7664. 0
7665. 3
7666. 5
7667. 2
7668. 1'1/2
7669. 1/2
7670. 3'1/2
7671. 1
7672. 0
7673. 0
7674. 3
7675. 4
7676. 1
7677. 0
7678. 2
7679. 7'1/2
7680. 1/2
7681. 5
7682. 1/2
7683. 4
7684. 1/2
7685. 2
7686. 5
7687. 3
7688. 3
7689. 4'1/2
7690. 2
7691. 4'1/2
7692. 3'1/2
7693. 0
7694. 3
7695. 5
7696. 2
7697. 0
7698. 2
7699. 1
7700. 3'1/2
7701. 2
7702. 3
7703. 4
7704. 2'1/2
7705. 2
7706. 1
7707. 1
7708. 3
7709. 3
7710. 1'1/2
7711. 1
7712. 3
7713. 5
7714. 3
7715. 4
7716. 4
7717. 0
7718. 1
7719. 1
7720. 1
7721. 2'1/2
7722. 2
7723. 8
7724. 1
7725. 1'1/2
7726. 1
7727. 6'1/2
7728. 1
7729. 4
7730. 2
7731. 3
7732. 4'1/2
7733. 1/2
7734. 3
7735. 0
7736. 7
7737. 5
7738. 6'1/2
7739. 3
7740. 1
7741. 2'1/2
7742. 0
7743. 0
7744. 1'1/2
7745. 4'1/2
7746. 2'1/2
7747. 0
7748. 3
7749. 7'1/2
7750. 1
7751. 5
7752. 0
7753. 5
7754. 2
7755. 0
7756. 3
7757. 2
7758. 6
7759. 4'1/2
7760. 2'1/2
7761. 5
7762. 4
7763. 1
7764. 0
7765. 1'1/2
7766. 1
7767. 1'1/2
7768. 1'1/2
7769. 3'1/2
7770. 3
7771. 0
7772. 1'1/2
7773. 0
7774. 1'1/2
7775. 0
7776. 0
7777. 3
7778. 2
7779. 1'1/2
7780. 2
7781. 1/2
7782. 5
7783. 3
7784. 1/2
7785. 4'1/2
7786. 1'1/2
7787. 2
7788. 5
7789. 6'1/2
7790. 2
7791. 1'1/2
7792. 6
7793. 0
7794. 4
7795. 0
7796. 2'1/2
7797. 1/2
7798. 3
7799. 0
7800. 2
7801. 3
7802. 2
7803. 1
7804. 2'1/2
7805. 1
7806. 4
7807. 3
7808. 1/2
7809. 0
7810. 3
7811. 3
7812. 0
7813. 5
7814. 1/2
7815. 3
7816. 3
7817. 1
7818. 2'1/2
7819. 5
7820. 2
7821. 3'1/2
7822. 0
7823. 0
7824. 3
7825. 4'1/2
7826. 5'1/2
7827. 5'1/2
7828. 5
7829. 4
7830. 1/2
7831. 3
7832. 0
7833. 1/2
7834. 3
7835. 1
7836. 2
7837. 1'1/2
7838. 5
7839. 2
7840. 1
7841. 1
7842. 1/2
7843. 5'1/2
7844. 2
7845. 1
7846. 1/2
7847. 1'1/2
7848. 6
7849. 4
7850. 3
7851. 2
7852. 0
7853. 1
7854. 2
7855. 1/2
7856. 2'1/2
7857. 4
7858. 3'1/2
7859. 2
7860. 4
7861. 0
7862. 1
7863. 5
7864. 5
7865. 2'1/2
7866. 5
7867. 0
7868. 1
7869. 2'1/2
7870. 1/2
7871. 0
7872. 3'1/2
7873. 4
7874. 1'1/2
7875. 1/2
7876. 0
7877. 2
7878. 1
7879. 3
7880. 0
7881. 1
7882. 5
7883. 1
7884. 5
7885. 2'1/2
7886. 3
7887. 1
7888. 6
7889. 3
7890. 1
7891. 5'1/2
7892. 6'1/2
7893. 4'1/2
7894. 0
7895. 3
7896. 4'1/2
7897. 3
7898. 1
7899. 3
7900. 2
7901. 2
7902. 1
7903. 2
7904. 4
7905. 1
7906. 1
7907. 2'1/2
7908. 5'1/2
7909. 1
7910. 2
7911. 1/2
7912. 0
7913. 2'1/2
7914. 1/2
7915. 4
7916. 1'1/2
7917. 2
7918. 0
7919. 0
7920. 2'1/2
7921. 5
7922. 0
7923. 2'1/2
7924. 3
7925. 1
7926. 1
7927. 0
7928. 0
7929. 1/2
7930. 1/2
7931. 5
7932. 3
7933. 2'1/2
7934. 1/2
7935. 4
7936. 3'1/2
7937. 2'1/2
7938. 0
7939. 3'1/2
7940. 3
7941. 1
7942. 4'1/2
7943. 3'1/2
7944. 1
7945. 1
7946. 3'1/2
7947. 3
7948. 0
7949. 4
7950. 1
7951. 1
7952. 2
7953. 5
7954. 8
7955. 6
7956. 1/2
7957. 0
7958. 3
7959. 1
7960. 1
7961. 1/2
7962. 6
7963. 0
7964. 1/2
7965. 2
7966. 1
7967. 4
7968. 2'1/2
7969. 6
7970. 0
7971. 4'1/2
7972. 4
7973. 1
7974. 4
7975. 2
7976. 2
7977. 3'1/2
7978. 2'1/2
7979. 1
7980. 3'1/2
7981. 2
7982. 1
7983. 1
7984. 1/2
7985. 0
7986. 2'1/2
7987. 1
7988. 3'1/2
7989. 4
7990. 2
7991. 1
7992. 5
7993. 2
7994. 3'1/2
7995. 5
7996. 0
7997. 1
7998. 5
7999. 2
8000. 0
8001. 0
8002. 2
8003. 8'1/2
8004. 1/2
8005. 3
8006. 4
8007. 0
8008. 5'1/2
8009. 4
8010. 4'1/2
8011. 1
8012. 7
8013. 3
8014. 2
8015. 5'1/2
8016. 4
8017. 1/2
8018. 2
8019. 0
8020. 2
8021. 3'1/2
8022. 0
8023. 2
8024. 0
8025. 5'1/2
8026. 8
8027. 1
8028. 2
8029. 7
8030. 3'1/2
8031. 4'1/2
8032. 0
8033. 0
8034. 1'1/2
8035. 1/2
8036. 2
8037. 1
8038. 1
8039. 2
8040. 4
8041. 4'1/2
8042. 1/2
8043. 4
8044. 1/2
8045. 4
8046. 3'1/2
8047. 0
8048. 1'1/2
8049. 0
8050. 1
8051. 5'1/2
8052. 4
8053. 6'1/2
8054. 2
8055. 2
8056. 2
8057. 0
8058. 3
8059. 3
8060. 4'1/2
8061. 2
8062. 3'1/2
8063. 0
8064. 1
8065. 3'1/2
8066. 0
8067. 6
8068. 5
8069. 0
8070. 0
8071. 1'1/2
8072. 4'1/2
8073. 1
8074. 6
8075. 6
8076. 3'1/2
8077. 5'1/2
8078. 4
8079. 5'1/2
8080. 6'1/2
8081. 1/2
8082. 3'1/2
8083. 1'1/2
8084. 1'1/2
8085. 3'1/2
8086. 1
8087. 0
8088. 2
8089. 4
8090. 1
8091. 5'1/2
8092. 2'1/2
8093. 0
8094. 3
8095. 4
8096. 4
8097. 3
8098. 2
8099. 3
8100. 5
8101. 1
8102. 1
8103. 1'1/2
8104. 1/2
8105. 0
8106. 6
8107. 4
8108. 3
8109. 3
8110. 1'1/2
8111. 2'1/2
8112. 6'1/2
8113. 5'1/2
8114. 7'1/2
8115. 3
8116. 3'1/2
8117. 0
8118. 8
8119. 3
8120. 3
8121. 2
8122. 1
8123. 4
8124. 1'1/2
8125. 1'1/2
8126. 2'1/2
8127. 1'1/2
8128. 2'1/2
8129. 6'1/2
8130. 3'1/2
8131. 6'1/2
8132. 4
8133. 1
8134. 2'1/2
8135. 0
8136. 3
8137. 4
8138. 1'1/2
8139. 4'1/2
8140. 1
8141. 5
8142. 1
8143. 1/2
8144. 0
8145. 7
8146. 1
8147. 4'1/2
8148. 0
8149. 5
8150. 4
8151. 1/2
8152. 4
8153. 3
8154. 6
8155. 4'1/2
8156. 2
8157. 5'1/2
8158. 1'1/2
8159. 3
8160. 2
8161. 5'1/2
8162. 4
8163. 3'1/2
8164. 3'1/2
8165. 2'1/2
8166. 3
8167. 4'1/2
8168. 3
8169. 4
8170. 1
8171. 1/2
8172. 4
8173. 1'1/2
8174. 4
8175. 1
8176. 5
8177. 1
8178. 4
8179. 0
8180. 2'1/2
8181. 2
8182. 2'1/2
8183. 3'1/2
8184. 1
8185. 1
8186. 0
8187. 3
8188. 3'1/2
8189. 7
8190. 4'1/2
8191. 7
8192. 2
8193. 1
8194. 4'1/2
8195. 7'1/2
8196. 7
8197. 6
8198. 2
8199. 0
8200. 2'1/2
8201. 4
8202. 2'1/2
8203. 1
8204. 3
8205. 3
8206. 2
8207. 4
8208. 1'1/2
8209. 1/2
8210. 1
8211. 4
8212. 1/2
8213. 2
8214. 8
8215. 2
8216. 3
8217. 3
8218. 1
8219. 4'1/2
8220. 3
8221. 0
8222. 3
8223. 1
8224. 5'1/2
8225. 3
8226. 3
8227. 0
8228. 3'1/2
8229. 3'1/2
8230. 1
8231. 1/2
8232. 4'1/2
8233. 1
8234. 2'1/2
8235. 5'1/2
8236. 2'1/2
8237. 5
8238. 4
8239. 7'1/2
8240. 1
8241. 1
8242. 3
8243. 6'1/2
8244. 0
8245. 1
8246. 4
8247. 0
8248. 0
8249. 2'1/2
8250. 4'1/2
8251. 4'1/2
8252. 2
8253. 0
8254. 4
8255. 4
8256. 1'1/2
8257. 2
8258. 6
8259. 1
8260. 2
8261. 2
8262. 2'1/2
8263. 4'1/2
8264. 0
8265. 1
8266. 1
8267. 1/2
8268. 2
8269. 5
8270. 3'1/2
8271. 1
8272. 5
8273. 3'1/2
8274. 9'1/2
8275. 2
8276. 1/2
8277. 2
8278. 3'1/2
8279. 1'1/2
8280. 1
8281. 1
8282. 1
8283. 1'1/2
8284. 1/2
8285. 1/2
8286. 4
8287. 4
8288. 5'1/2
8289. 6
8290. 6
8291. 4
8292. 2
8293. 6'1/2
8294. 3
8295. 2
8296. 3
8297. 1
8298. 2
8299. 3'1/2
8300. 3
8301. 4
8302. 1'1/2
8303. 2
8304. 2
8305. 5
8306. 2
8307. 0
8308. 1'1/2
8309. 2
8310. 2'1/2
8311. 7'1/2
8312. 1
8313. 1
8314. 4'1/2
8315. 0
8316. 7'1/2
8317. 3'1/2
8318. 0
8319. 5
8320. 3'1/2
8321. 1
8322. 1'1/2
8323. 7'1/2
8324. 4
8325. 1
8326. 4
8327. 2
8328. 4
8329. 2'1/2
8330. 2'1/2
8331. 3'1/2
8332. 0
8333. 4'1/2
8334. 1/2
8335. 2
8336. 6
8337. 3
8338. 6
8339. 4'1/2
8340. 2
8341. 1/2
8342. 0
8343. 0
8344. 1
8345. 0
8346. 4'1/2
8347. 6
8348. 1/2
8349. 6
8350. 8
8351. 3
8352. 1
8353. 4
8354. 3
8355. 0
8356. 1
8357. 3
8358. 2
8359. 4'1/2
8360. 3'1/2
8361. 3
8362. 2'1/2
8363. 1
8364. 1'1/2
8365. 3
8366. 3
8367. 1
8368. 5
8369. 4
8370. 1'1/2
8371. 2
8372. 1
8373. 2'1/2
8374. 5
8375. 1/2
8376. 1'1/2
8377. 2'1/2
8378. 1
8379. 6
8380. 3
8381. 6'1/2
8382. 1/2
8383. 4
8384. 3'1/2
8385. 3'1/2
8386. 5
8387. 0
8388. 3
8389. 5'1/2
8390. 3
8391. 1'1/2
8392. 4'1/2
8393. 2
8394. 1
8395. 2'1/2
8396. 2
8397. 0
8398. 3
8399. 2
8400. 2
8401. 1'1/2
8402. 3
8403. 1
8404. 3
8405. 5
8406. 3
8407. 1'1/2
8408. 3'1/2
8409. 2
8410. 4'1/2
8411. 4
8412. 2
8413. 0
8414. 1
8415. 1
8416. 2
8417. 7'1/2
8418. 3
8419. 3/4
8420. 0
8421. 0
8422. 1'1/2
8423. 2'1/2
8424. 1/2
8425. 0
8426. 0
8427. 1
8428. 1'1/2
8429. 4
8430. 2
8431. 1
8432. 5
8433. 1
8434. 1'1/2
8435. 7
8436. 8
8437. 2
8438. 3
8439. 1
8440. 3
8441. 3
8442. 2'1/2
8443. 3
8444. 2'1/2
8445. 5'1/2
8446. 1/2
8447. 4'1/2
8448. 5
8449. 3
8450. 0
8451. 2
8452. 1
8453. 3
8454. 0
8455. 1'1/2
8456. 2'1/2
8457. 2
8458. 4'1/2
8459. 3
8460. 2
8461. 3
8462. 0
8463. 0
8464. 5'1/2
8465. 2'1/2
8466. 4
8467. 5
8468. 1
8469. 1
8470. 3'1/2
8471. 3
8472. 2
8473. 0
8474. 0
8475. 3
8476. 1
8477. 1
8478. 4
8479. 2
8480. 9
8481. 1'1/2
8482. 0
8483. 1/2
8484. 0
8485. 2'1/2
8486. 1/2
8487. 1'1/2
8488. 4
8489. 2'1/2
8490. 3'1/2
8491. 3
8492. 1
8493. 2
8494. 2'1/2
8495. 3
8496. 2
8497. 2'1/2
8498. 3
8499. 5'1/2
8500. 3
8501. 5
8502. 4
8503. 0
8504. 3
8505. 4'1/2
8506. 2
8507. 0
8508. 5
8509. 5
8510. 2
8511. 1
8512. 4'1/2
8513. 4
8514. 1
8515. 3
8516. 3
8517. 2
8518. 1'1/2
8519. 0
8520. 0
8521. 2
8522. 3'1/2
8523. 4
8524. 3
8525. 5'1/2
8526. 6'1/2
8527. 2
8528. 0
8529. 5
8530. 0
8531. 2
8532. 1
8533. 1/2
8534. 6
8535. 4
8536. 1/2
8537. 4
8538. 3
8539. 2'1/2
8540. 3
8541. 5
8542. 4'1/2
8543. 3
8544. 1'1/2
8545. 4
8546. 1
8547. 8'1/2
8548. 5
8549. 1/2
8550. 5
8551. 5
8552. 2
8553. 1
8554. 1/2
8555. 2
8556. 5
8557. 5'1/2
8558. 3
8559. 0
8560. 5'1/2
8561. 2'1/2
8562. 4
8563. 1
8564. 2
8565. 3
8566. 1'1/2
8567. 2'1/2
8568. 1'1/2
8569. 2
8570. 1
8571. 1'1/2
8572. 1
8573. 1
8574. 4'1/2
8575. 1/2
8576. 1
8577. 4'1/2
8578. 4
8579. 1
8580. 0
8581. 2'1/2
8582. 2
8583. 5
8584. 2
8585. 1/2
8586. 3'1/2
8587. 3
8588. 0
8589. 4
8590. 3
8591. 2'1/2
8592. 1
8593. 2
8594. 2
8595. 1
8596. 0
8597. 1/2
8598. 2
8599. 1'1/2
8600. 3'1/2
8601. 3
8602. 3'1/2
8603. 2
8604. 3
8605. 3
8606. 4
8607. 0
8608. 2
8609. 5
8610. 5
8611. 4'1/2
8612. 1/4
8613. 2
8614. 5'1/2
8615. 5
8616. 2
8617. 3
8618. 4
8619. 5'1/2
8620. 0
8621. 2
8622. 3'1/2
8623. 2
8624. 3
8625. 1
8626. 0
8627. 1
8628. 1
8629. 1
8630. 4'1/2
8631. 5'1/2
8632. 0
8633. 1/2
8634. 1
8635. 6
8636. 5'1/2
8637. 5
8638. 2'1/2
8639. 2
8640. 1'1/2
8641. 5
8642. 8
8643. 1
8644. 5'1/2
8645. 1
8646. 4
8647. 1/2
8648. 0
8649. 1/2
8650. 2'1/2
8651. 1
8652. 5'1/2
8653. 2
8654. 1/2
8655. 2
8656. 1'1/2
8657. 0
8658. 0
8659. 4'1/2
8660. 8
8661. 3
8662. 3'1/2
8663. 3
8664. 1/2
8665. 0
8666. 3
8667. 1
8668. 0
8669. 2
8670. 1
8671. 4
8672. 3
8673. 4'1/2
8674. 1/2
8675. 2
8676. 6
8677. 0
8678. 4
8679. 1
8680. 8
8681. 3'1/2
8682. 7
8683. 1'1/2
8684. 1/2
8685. 1'1/2
8686. 0
8687. 4'1/2
8688. 1
8689. 8'1/2
8690. 2'1/2
8691. 4'1/2
8692. 3'1/2
8693. 2'1/2
8694. 1'1/2
8695. 4
8696. 1
8697. 0
8698. 1
8699. 1'1/2
8700. 1
8701. 3'1/2
8702. 5
8703. 3'1/2
8704. 2
8705. 2'1/2
8706. 0
8707. 3'1/2
8708. 3
8709. 3
8710. 2'1/2
8711. 0
8712. 5
8713. 5
8714. 3
8715. 1/2
8716. 1'1/2
8717. 1
8718. 1'1/2
8719. 1'1/2
8720. 3'1/2
8721. 0
8722. 1/2
8723. 1
8724. 4'1/2
8725. 1/2
8726. 1'1/2
8727. 3
8728. 5'1/2
8729. 2'1/2
8730. 5'1/2
8731. 4'1/2
8732. 1'1/2
8733. 2'1/2
8734. 2
8735. 2
8736. 2'1/2
8737. 0
8738. 6
8739. 2'1/2
8740. 2'1/2
8741. 2'1/2
8742. 0
8743. 1'1/2
8744. 3'1/2
8745. 4
8746. 3
8747. 3
8748. 2'1/2
8749. 2
8750. 1'1/2
8751. 2
8752. 0
8753. 1/2
8754. 4
8755. 2'1/2
8756. 2
8757. 1'1/2
8758. 3
8759. 1'1/2
8760. 2
8761. 2'1/2
8762. 2'1/2
8763. 5
8764. 3'1/2
8765. 3
8766. 4
8767. 3
8768. 3
8769. 1
8770. 4
8771. 2'1/2
8772. 0
8773. 2'1/2
8774. 3'1/2
8775. 2'1/2
8776. 7'1/2
8777. 2
8778. 2
8779. 2
8780. 2
8781. 1
8782. 3
8783. 2'1/2
8784. 1
8785. 2
8786. 3
8787. 2'1/2
8788. 0
8789. 1'1/2
8790. 3
8791. 1'1/2
8792. 5'1/2
8793. 4'1/2
8794. 0
8795. 0
8796. 3'1/2
8797. 2
8798. 1'1/2
8799. 1'1/2
8800. 0
8801. 1
8802. 1'1/2
8803. 2'1/2
8804. 0
8805. 4'1/2
8806. 2
8807. 1'1/2
8808. 1/2
8809. 2'1/2
8810. 0
8811. 2
8812. 6'1/2
8813. 0
8814. 2'1/2
8815. 1/2
8816. 4'1/2
8817. 3
8818. 3
8819. 5
8820. 0
8821. 1/2
8822. 6'1/2
8823. 3'1/2
8824. 2
8825. 5
8826. 2
8827. 2
8828. 1
8829. 1'1/2
8830. 1'1/2
8831. 3
8832. 0
8833. 1
8834. 1/2
8835. 1/2
8836. 3
8837. 0
8838. 0
8839. 1'1/2
8840. 1
8841. 1
8842. 3'1/2
8843. 6
8844. 1
8845. 2
8846. 0
8847. 3'1/2
8848. 3
8849. 1/2
8850. 2
8851. 5'1/2
8852. 4
8853. 7'1/2
8854. 1'1/2
8855. 5
8856. 2
8857. 1'1/2
8858. 5'1/2
8859. 1'1/2
8860. 6'1/2
8861. 6
8862. 3
8863. 1
8864. 1
8865. 6'1/2
8866. 1
8867. 1/2
8868. 1'1/2
8869. 3'1/2
8870. 2
8871. 6'1/2
8872. 4'1/2
8873. 1'1/2
8874. 4
8875. 4'1/2
8876. 3
8877. 7'1/2
8878. 2
8879. 1'1/2
8880. 3
8881. 1
8882. 2'1/2
8883. 4'1/2
8884. 1'1/2
8885. 0
8886. 2
8887. 6'1/2
8888. 1'1/2
8889. 3'1/2
8890. 1/2
8891. 4'1/2
8892. 2
8893. 1'1/2
8894. 1'1/2
8895. 0
8896. 1'1/2
8897. 7
8898. 5'1/2
8899. 1/2
8900. 3
8901. 3
8902. 2'1/2
8903. 1
8904. 3
8905. 2
8906. 1/2
8907. 3
8908. 1/2
8909. 6
8910. 2'1/2
8911. 6'1/2
8912. 2'1/2
8913. 4'1/2
8914. 1/2
8915. 5'1/2
8916. 1'1/2
8917. 4'1/2
8918. 6'1/2
8919. 5'1/2
8920. 0
8921. 2'1/2
8922. 0
8923. 1/2
8924. 4'1/2
8925. 4
8926. 4'1/2
8927. 1
8928. 1'1/2
8929. 5
8930. 3'1/2
8931. 5'1/2
8932. 2
8933. 4'1/2
8934. 1
8935. 4'1/2
8936. 4
8937. 2
8938. 1'1/2
8939. 2'1/2
8940. 2
8941. 1
8942. 1
8943. 1
8944. 2
8945. 3'1/2
8946. 2'1/2
8947. 4'1/2
8948. 7'1/2
8949. 2'1/2
8950. 2'1/2
8951. 8'1/2
8952. 2
8953. 4
8954. 3
8955. 6'1/2
8956. 0
8957. 0
8958. 5'1/2
8959. 2'1/2
8960. 2
8961. 1'1/2
8962. 1'1/2
8963. 1'1/2
8964. 1/2
8965. 1/2
8966. 4'1/2
8967. 1
8968. 2
8969. 0
8970. 1/2
8971. 2'1/2
8972. 6
8973. 2
8974. 4'1/2
8975. 1/2
8976. 1/2
8977. 1
8978. 1
8979. 1/2
8980. 3
8981. 1/2
8982. 4
8983. 2
8984. 3'1/2
8985. 3'1/2
8986. 3
8987. 4
8988. 3'1/2
8989. 2
8990. 4
8991. 3
8992. 6'1/2
8993. 3'1/2
8994. 1/2
8995. 2'1/2
8996. 3'1/2
8997. 4
8998. 3'1/2
8999. 1/2
9000. 7'1/2
9001. 1
9002. 2'1/2
9003. 3
9004. 0
9005. 2
9006. 4'1/2
9007. 3
9008. 1
9009. 2
9010. 5
9011. 5'1/2
9012. 4'1/2
9013. 2
9014. 4'1/2
9015. 0
9016. 1
9017. 3
9018. 1
9019. 2
9020. 3
9021. 3'1/2
9022. 2
9023. 1/2
9024. 1/2
9025. 4
9026. 1'1/2
9027. 4
9028. 1
9029. 3
9030. 4
9031. 4'1/2
9032. 1/2
9033. 2'1/2
9034. 3
9035. 1/2
9036. 1
9037. 1'1/2
9038. 4'1/2
9039. 1'1/2
9040. 1/2
9041. 2'1/2
9042. 1
9043. 1/2
9044. 1/2
9045. 5
9046. 3
9047. 3
9048. 1/2
9049. 2'1/2
9050. 1
9051. 3'1/2
9052. 2
9053. 5
9054. 6
9055. 1'1/2
9056. 3
9057. 2
9058. 3'1/2
9059. 2'1/2
9060. 1'1/2
9061. 2
9062. 2
9063. 3'1/2
9064. 2
9065. 2'1/2
9066. 2
9067. 0
9068. 4'1/2
9069. 4
9070. 4'1/2
9071. 2'1/2
9072. 3
9073. 1'1/2
9074. 1
9075. 1
9076. 4
9077. 2'1/2
9078. 0
9079. 3
9080. 1'1/2
9081. 0
9082. 1/2
9083. 4
9084. 4
9085. 3'1/2
9086. 2'1/2
9087. 1'1/2
9088. 4'1/2
9089. 5
9090. 5
9091. 1
9092. 3
9093. 3
9094. 3'1/2
9095. 3'1/2
9096. 1'1/2
9097. 5'1/2
9098. 1
9099. 2'1/2
9100. 3'1/2
9101. 3
9102. 4'1/2
9103. 1'1/2
9104. 1
9105. 5'1/2
9106. 1/2
9107. 1'1/2
9108. 3
9109. 3'1/2
9110. 1'1/2
9111. 1'1/2
9112. 3'1/2
9113. 2
9114. 2'1/2
9115. 1/2
9116. 1'1/2
9117. 5'1/2
9118. 1/2
9119. 5'1/2
9120. 2'1/2
9121. 2'1/2
9122. 1/2
9123. 3
9124. 0
9125. 1/2
9126. 4
9127. 3'1/2
9128. 2'1/2
9129. 0
9130. 1
9131. 1/2
9132. 3
9133. 4
9134. 2'1/2
9135. 1'1/2
9136. 4
9137. 0
9138. 4'1/2
9139. 2'1/2
9140. 1
9141. 1/2
9142. 1/2
9143. 1/2
9144. 3'1/2
9145. 5'1/2
9146. 1/2
9147. 3
9148. 0
9149. 1'1/2
9150. 9
9151. 8'1/2
9152. 2
9153. 3
9154. 7
9155. 7'1/2
9156. 4'1/2
9157. 1
9158. 1
9159. 0
9160. 2'1/2
9161. 4'1/2
9162. 6
9163. 2'1/2
9164. 4'1/2
9165. 6'1/2
9166. 1
9167. 6'1/2
9168. 3
9169. 1
9170. 4
9171. 1/2
9172. 2'1/2
9173. 1/2
9174. 5'1/2
9175. 7
9176. 3
9177. 1'1/2
9178. 3
9179. 3
9180. 3
9181. 1'1/2
9182. 3'1/2
9183. 2'1/2
9184. 4
9185. 4
9186. 0
9187. 1/2
9188. 2
9189. 4'1/2
9190. 1/2
9191. 3
9192. 1
9193. 1'1/2
9194. 5'1/2
9195. 2
9196. 0
9197. 4
9198. 2'1/2
9199. 5'1/2
9200. 4'1/2
9201. 5'1/2
9202. 5
9203. 1/2
9204. 3
9205. 5'1/2
9206. 2'1/2
9207. 2'1/2
9208. 1'1/2
9209. 2'1/2
9210. 4'1/2
9211. 6'1/2
9212. 1'1/2
9213. 1'1/2
9214. 5'1/2
9215. 1'1/2
9216. 5'1/2
9217. 3'1/2
9218. 1
9219. 3
9220. 1/2
9221. 2
9222. 4'1/2
9223. 1
9224. 1/2
9225. 1'1/2
9226. 5'1/2
9227. 4'1/2
9228. 1
9229. 1
9230. 2'1/2
9231. 1'1/2
9232. 1/2
9233. 1'1/2
9234. 5
9235. 1'1/2
9236. 3'1/2
9237. 2
9238. 3'1/2
9239. 2'1/2
9240. 1/2
9241. 1'1/2
9242. 1
9243. 2'1/2
9244. 1/2
9245. 1/2
9246. 1'1/2
9247. 3'1/2
9248. 0
9249. 4'1/2
9250. 2
9251. 2'1/2
9252. 0
9253. 4
9254. 2'1/2
9255. 2
9256. 3'1/2
9257. 3'1/2
9258. 2
9259. 2
9260. 1/2
9261. 3'1/2
9262. 2'1/2
9263. 2'1/2
9264. 7
9265. 1'1/2
9266. 1'1/2
9267. 3'1/2
9268. 1'1/2
9269. 1
9270. 4'1/2
9271. 1'1/2
9272. 6'1/2
9273. 1'1/2
9274. 3
9275. 2'1/2
9276. 0
9277. 0
9278. 3
9279. 5
9280. 0
9281. 3
9282. 2'1/2
9283. 1'1/2
9284. 1
9285. 3'1/2
9286. 1
9287. 4'1/2
9288. 2'1/2
9289. 4'1/2
9290. 7'1/2
9291. 5'1/2
9292. 1'1/2
9293. 1
9294. 2
9295. 5
9296. 3'1/2
9297. 2'1/2
9298. 1
9299. 5'1/2
9300. 2
9301. 2'1/2
9302. 2'1/2
9303. 5'1/2
9304. 1/2
9305. 6'1/2
9306. 3
9307. 1'1/2
9308. 3'1/2
9309. 1'1/2
9310. 1'1/2
9311. 6'1/2
9312. 1'1/2
9313. 1'1/2
9314. 7'1/2
9315. 0
9316. 1/2
9317. 3'1/2
9318. 6'1/2
9319. 4'1/2
9320. 2'1/2
9321. 1'1/2
9322. 2'1/2
9323. 2'1/2
9324. 3'1/2
9325. 1/2
9326. 1
9327. 3'1/2
9328. 6'1/2
9329. 1/2
9330. 2'1/2
9331. 4'1/2
9332. 4'1/2
9333. 2
9334. 3'1/2
9335. 2'1/2
9336. 2'1/2
9337. 1/2
9338. 5
9339. 5'1/2
9340. 3'1/2
9341. 1
9342. 1/2
9343. 1/2
9344. 3
9345. 6'1/2
9346. 3'1/2
9347. 4'1/2
9348. 4'1/2
9349. 0
9350. 5'1/2
9351. 3'1/2
9352. 7
9353. 5
9354. 2
9355. 3
9356. 3
9357. 0
9358. 3'1/2
9359. 4'1/2
9360. 3'1/2
9361. 4'1/2
9362. 4'1/2
9363. 0
9364. 4'1/2
9365. 2'1/2
9366. 2
9367. 2'1/2
9368. 1
9369. 1/2
9370. 9'1/2
9371. 3
9372. 2
9373. 3'1/2
9374. 1/2
9375. 3'1/2
9376. 4
9377. 1/2
9378. 3'1/2
9379. 1
9380. 2'1/2
9381. 2'1/2
9382. 0
9383. 2
9384. 2
9385. 1/2
9386. 3
9387. 8'1/2
9388. 2
9389. 3'1/2
9390. 2'1/2
9391. 2'1/2
9392. 2
9393. 3'1/2
9394. 6
9395. 3'1/2
9396. 2'1/2
9397. 2'1/2
9398. 2'1/2
9399. 4'1/2
9400. 5
9401. 4'1/2
9402. 0
9403. 3'1/2
9404. 3'1/2
9405. 1/2
9406. 4
9407. 2'1/2
9408. 3'1/2
9409. 2'1/2
9410. 1'1/2
9411. 6'1/2
9412. 3'1/2
9413. 2
9414. 1
9415. 3'1/2
9416. 1'1/2
9417. 3'1/2
9418. 1'1/2
9419. 3
9420. 2'1/2
9421. 1/2
9422. 2'1/2
9423. 7'1/2
9424. 4'1/2
9425. 4'1/2
9426. 1/2
9427. 4'1/2
9428. 3'1/2
9429. 1/2
9430. 3'1/2
9431. 1
9432. 1'1/2
9433. 1/2
9434. 4
9435. 1'1/2
9436. 2'1/2
9437. 2'1/2
9438. 5
9439. 1/2
9440. 3'1/2
9441. 2'1/2
9442. 3
9443. 2
9444. 2'1/2
9445. 2
9446. 2'1/2
9447. 1'1/2
9448. 1'1/2
9449. 1/2
9450. 2'1/2
9451. 0
9452. 3'1/2
9453. 0
9454. 1
9455. 0
9456. 3
9457. 3'1/2
9458. 7'1/2
9459. 2'1/2
9460. 1'1/2
9461. 1/2
9462. 5'1/2
9463. 5'1/2
9464. 3
9465. 3
9466. 2
9467. 1
9468. 1/2
9469. 2
9470. 1/2
9471. 1/2
9472. 1/2
9473. 2'1/2
9474. 6'1/2
9475. 2'1/2
9476. 1'1/2
9477. 1/2
9478. 2
9479. 1
9480. 1'1/2
9481. 3'1/2
9482. 2
9483. 1/2
9484. 3'1/2
9485. 4
9486. 5'1/2
9487. 2'1/2
9488. 2'1/2
9489. 4
9490. 4
9491. 3'1/2
9492. 3
9493. 1'1/2
9494. 3'1/2
9495. 1
9496. 2'1/2
9497. 3'1/2
9498. 1'1/2
9499. 1
9500. 6'1/2
9501. 1'1/2
9502. 4'1/2
9503. 2'1/2
9504. 1/2
9505. 1/2
9506. 4'1/2
9507. 0
9508. 2'1/2
9509. 1'1/2
9510. 1/2
9511. 2'1/2
9512. 2'1/2
9513. 2
9514. 3'1/2
9515. 1/2
9516. 1'1/2
9517. 5
9518. 1
9519. 7
9520. 1
9521. 1'1/2
9522. 2
9523. 0
9524. 0
9525. 4
9526. 3'1/2
9527. 2
9528. 4'1/2
9529. 3
9530. 4
9531. 2'1/2
9532. 5'1/2
9533. 4'1/2
9534. 4'1/2
9535. 0
9536. 6'1/2
9537. 1'1/2
9538. 1'1/2
9539. 1'1/2
9540. 1/2
9541. 5'1/2
9542. 1'1/2
9543. 3'1/2
9544. 3'1/2
9545. 5'1/2
9546. 2'1/2
9547. 6'1/2
9548. 2
9549. 2'1/2
9550. 0
9551. 4'1/2
9552. 0
9553. 2'1/2
9554. 1/2
9555. 1
9556. 1'1/2
9557. 6'1/2
9558. 3'1/2
9559. 1/2
9560. 5'1/2
9561. 1
9562. 5
9563. 2'1/2
9564. 0
9565. 1'1/2
9566. 2'1/2
9567. 1
9568. 1'1/2
9569. 2'1/2
9570. 1'1/2
9571. 1/2
9572. 1/2
9573. 3
9574. 2
9575. 0
9576. 4
9577. 1'1/2
9578. 2
9579. 5
9580. 5'1/2
9581. 2
9582. 6'1/2
9583. 3'1/2
9584. 1/2
9585. 5'1/2
9586. 1
9587. 3'1/2
9588. 4'1/2
9589. 5'1/2
9590. 3'1/2
9591. 4'1/2
9592. 3'1/2
9593. 1/2
9594. 3'1/2
9595. 4'1/2
9596. 3'1/2
9597. 0
9598. 2
9599. 4'1/2
9600. 4'1/2
9601. 2'1/2
9602. 5
9603. 1'1/2
9604. 6
9605. 2'1/2
9606. 5'1/2
9607. 2'1/2
9608. 6'1/2
9609. 2'1/2
9610. 2'1/2
9611. 4'1/2
9612. 2'1/2
9613. 3
9614. 3'1/2
9615. 3'1/2
9616. 2'1/2
9617. 9
9618. 2
9619. 1/2
9620. 5'1/2
9621. 1/2
9622. 2
9623. 4'1/2
9624. 7'1/2
9625. 7'1/2
9626. 8'1/2
9627. 2'1/2
9628. 1'1/2
9629. 4'1/2
9630. 2'1/2
9631. 1'1/2
9632. 1
9633. 3
9634. 1/2
9635. 1
9636. 1/2
9637. 1/2
9638. 1/2
9639. 2'1/2
9640. 3'1/2
9641. 3
9642. 2
9643. 2
9644. 4'1/2
9645. 4'1/2
9646. 2'1/2
9647. 3'1/2
9648. 5'1/2
9649. 1'1/2
9650. 5'1/2
9651. 0
9652. 3'1/2
9653. 2
9654. 3'1/2
9655. 1'1/2
9656. 4'1/2
9657. 5
9658. 5'1/2
9659. 3'1/2
9660. 2'1/2
9661. 7'1/2
9662. 1/2
9663. 1'1/2
9664. 7'1/2
9665. 1/2
9666. 4'1/2
9667. 3'1/2
9668. 3'1/2
9669. 0
9670. 1/2
9671. 2'1/2
9672. 1
9673. 4'1/2
9674. 1/2
9675. 0
9676. 3
9677. 1'1/2
9678. 1/2
9679. 1/2
9680. 1'1/2
9681. 3'1/2
9682. 1
9683. 4'1/2
9684. 2
9685. 1/2
9686. 1'1/2
9687. 3
9688. 2'1/2
9689. 3'1/2
9690. 7'1/2
9691. 3
9692. 7'1/2
9693. 1'1/2
9694. 2'1/2
9695. 1'1/2
9696. 7'1/2
9697. 1
9698. 2
9699. 4'1/2
9700. 3
9701. 2'1/2
9702. 1/2
9703. 1
9704. 0
9705. 3'1/2
9706. 1/2
9707. 1'1/2
9708. 1/2
9709. 1'1/2
9710. 2'1/2
9711. 4'1/2
9712. 5
9713. 0
9714. 2'1/2
9715. 3'1/2
9716. 3'1/2
9717. 1'1/2
9718. 1'1/2
9719. 4'1/2
9720. 1/2
9721. 1/2
9722. 4'1/2
9723. 5'1/2
9724. 4'1/2
9725. 5'1/2
9726. 2'1/2
9727. 3'1/2
9728. 1'1/2
9729. 1'1/2
9730. 4'1/2
9731. 2'1/2
9732. 3'1/2
9733. 1/2
9734. 3'1/2
9735. 4
9736. 6'1/2
9737. 1'1/2
9738. 4'1/2
9739. 1/2
9740. 5
9741. 3'1/2
9742. 1/2
9743. 2'1/2
9744. 1'1/2
9745. 1
9746. 1'1/2
9747. 8'1/2
9748. 3'1/2
9749. 3
9750. 3'1/2
9751. 1/2
9752. 1/2
9753. 1'1/2
9754. 4
9755. 8'1/2
9756. 3'1/2
9757. 2'1/2
9758. 1/2
9759. 1
9760. 1/2
9761. 0
9762. 0
9763. 1'1/2
9764. 7'1/2
9765. 3
9766. 2'1/2
9767. 0
9768. 1'1/2
9769. 4'1/2
9770. 1/2
9771. 0
9772. 1/2
9773. 1/2
9774. 4'1/2
9775. 4'1/2
9776. 0
9777. 1/2
9778. 1'1/2
9779. 0
9780. 3'1/2
9781. 1
9782. 1'1/2
9783. 1/2
9784. 1/2
9785. 3
9786. 1'1/2
9787. 7'1/2
9788. 4
9789. 1'1/2
9790. 5'1/2
9791. 1
9792. 2'1/2
9793. 3'1/2
9794. 1'1/2
9795. 6
9796. 8
9797. 2'1/2
9798. 1'1/2
9799. 6'1/2
9800. 4'1/2
9801. 2'1/2
9802. 1'1/2
9803. 2'1/2
9804. 1'1/2
9805. 1/2
9806. 4'1/2
9807. 5'1/2
9808. 4'1/2
9809. 1
9810. 1'1/2
9811. 1/2
9812. 2'1/2
9813. 5'1/2
9814. 5'1/2
9815. 7
9816. 4'1/2
9817. 1'1/2
9818. 3'1/2
9819. 1'1/2
9820. 1/2
9821. 2'1/2
9822. 8'1/2
9823. 2'1/2
9824. 1
9825. 7'1/2
9826. 2'1/2
9827. 3'1/2
9828. 3'1/2
9829. 2'1/2
9830. 1/2
9831. 7
9832. 5
9833. 3'1/2
9834. 2'1/2
9835. 5'1/2
9836. 4'1/2
9837. 1'1/2
9838. 1'1/2
9839. 5'1/2
9840. 4'1/2
9841. 3'1/2
9842. 2'1/2
9843. 3'1/2
9844. 2'1/2
9845. 1'1/2
9846. 1/2
9847. 5
9848. 3'1/2
9849. 3'1/2
9850. 1
9851. 1'1/2
9852. 1'1/2
9853. 2'1/2
9854. 1/2
9855. 4'1/2
9856. 3'1/2
9857. 2'1/2
9858. 1/2
9859. 6
9860. 1/2
9861. 2'1/2
9862. 1'1/2
9863. 5
9864. 3'1/2
9865. 4
9866. 4'1/2
9867. 4'1/2
9868. 2'1/2
9869. 3'1/2
9870. 3
9871. 1/2
9872. 3
9873. 3
9874. 1'1/2
9875. 1'1/2
9876. 2'1/2
9877. 1/2
9878. 1/2
9879. 1'1/2
9880. 1/2
9881. 1'1/2
9882. 1'1/2
9883. 3
9884. 1/2
9885. 3'1/2
9886. 1/2
9887. 4'1/2
9888. 1/2
9889. 4'1/2
9890. 4'1/2
9891. 8'1/2
9892. 1/2
9893. 5'1/2
9894. 0
9895. 3'1/2
9896. 6
9897. 8'1/2
9898. 2'1/2
9899. 6'1/2
9900. 3'1/2
9901. 2'1/2
9902. 2'1/2
9903. 1'1/2
9904. 1'1/2
9905. 7
9906. 6'1/2
9907. 1/2
9908. 2'1/2
9909. 1'1/2
9910. 4'1/2
9911. 4'1/2
9912. 1'1/2
9913. 3
9914. 3'1/2
9915. 5
9916. 2
9917. 2'1/2
9918. 4'1/2
9919. 6'1/2
9920. 1'1/2
9921. 6'1/2
9922. 2
9923. 5'1/2
9924. 4
9925. 6
9926. 1'1/2
9927. 4'1/2
9928. 4
9929. 1/2
9930. 1'1/2
9931. 1'1/2
9932. 1'1/2
9933. 1/2
9934. 3
9935. 2'1/2
9936. 5'1/2
9937. 1/2
9938. 1'1/2
9939. 1
9940. 1/2
9941. 2'1/2
9942. 1'1/2
9943. 3'1/2
9944. 1
9945. 1'1/2
9946. 5'1/2
9947. 7
9948. 2'1/2
9949. 2'1/2
9950. 1/2
9951. 6'1/2
9952. 1/2
9953. 2'1/2
9954. 4
9955. 2'1/2
9956. 2'1/2
9957. 2
9958. 3
9959. 3'1/2
9960. 2'1/2
9961. 4'1/2
9962. 4'1/2
9963. 3
9964. 4
9965. 1/2
9966. 1'1/2
9967. 2'1/2
9968. 4'1/2
9969. 3'1/2
9970. 1/2
9971. 8'1/2
9972. 1/2
9973. 6'1/2
9974. 2'1/2
9975. 1/2
9976. 3'1/2
9977. 2'1/2
9978. 3
9979. 3
9980. 4'1/2
9981. 3'1/2
9982. 6
9983. 1'1/2
9984. 3'1/2
9985. 1'1/2
9986. 2'1/2
9987. 1/2
9988. 1
9989. 1/2
9990. 9'1/2
9991. 1'1/2
9992. 2'1/2
9993. 3'1/2
9994. 3
9995. 4'1/2
9996. 1/2
9997. 2'1/2
9998. 2'1/2
9999. 1'1/2
10000. 1/2
